509	1
55	2
227	3
227	4
126	5
111	6
15	7
93	8
45	9
36	10
456	11
9	12
103	13
788	14
813	15
269	16
63	17
239	18
219	19
106	20
74	21
751	22
102	23
72	24
50	25
4	26
39	27
82	28
783	29
94	30
210	31
63	32
146	33
101	34
140	35
7	36
189	37
267	38
53	39
4	40
22	41
22	42
127	43
31	44
12	45
495	46
129	47
37	48
163	49
2	50
155	51
66	52
4	53
15	54
155	55
80	56
50	57
8	58
15	59
371	60
69	61
74	62
84	63
16	64
189	65
32	66
2	67
7	68
103	69
447	70
398	71
119	72
185	73
124	74
426	75
93	76
34	77
35	78
111	79
91	80
50	81
126	82
187	83
7	84
154	85
9	86
189	87
220	88
14	89
106	90
37	91
159	92
127	93
247	94
160	95
7	96
98	97
53	98
97	99
351	100
159	101
118	102
68	103
19	104
181	105
115	106
86	107
141	108
4	109
811	110
435	111
253	112
198	113
441	114
251	115
181	116
108	117
52	118
95	119
689	120
84	121
24	122
1	123
404	124
81	125
186	126
198	127
31	128
95	129
1276	130
831	131
810	132
102	133
153	134
2	135
127	136
212	137
83	138
32	139
22	140
126	141
2	142
2	143
93	144
276	145
23	146
185	147
102	148
37	149
160	150
41	151
52	152
48	153
311	154
656	155
82	156
170	157
18	158
19	159
7	160
373	161
11	162
9	163
16	164
34	165
346	166
84	167
403	168
22	169
155	170
11	171
2	172
165	173
101	174
448	175
232	176
66	177
102	178
189	179
128	180
123	181
102	182
87	183
182	184
67	185
48	186
2	187
4	188
240	189
158	190
54	191
95	192
83	193
247	194
372	195
73	196
23	197
44	198
23	199
363	200
282	201
73	202
12	203
108	204
100	205
35	206
183	207
106	208
1007	209
66	210
32	211
39	212
9	213
2	214
217	215
411	216
7	217
100	218
339	219
600	220
3	221
163	222
22	223
7	224
126	225
126	226
100	227
329	228
50	229
72	230
72	231
143	232
372	233
22	234
997	235
2	236
329	237
84	238
28	239
322	240
888	241
53	242
626	243
23	244
708	245
98	246
174	247
346	248
254	249
197	250
36	251
5	252
144	253
96	254
67	255
346	256
44	257
154	258
150	259
10	260
430	261
186	262
2	263
2	264
35	265
163	266
480	267
1118	268
581	269
149	270
275	271
257	272
421	273
409	274
490	275
483	276
62	277
922	278
446	279
392	280
408	281
451	282
586	283
969	284
836	285
490	286
496	287
434	288
761	289
35	290
516	291
607	292
537	293
297	294
680	295
725	296
972	297
423	298
615	299
562	300
56	301
1067	302
323	303
1203	304
867	305
373	306
680	307
527	308
965	309
391	310
406	311
493	312
532	313
345	314
1248	315
796	316
571	317
742	318
553	319
480	320
951	321
231	322
409	323
863	324
593	325
730	326
25	327
595	328
434	329
798	330
577	331
772	332
290	333
688	334
337	335
727	336
425	337
553	338
719	339
639	340
323	341
393	342
290	343
926	344
387	345
625	346
244	347
290	348
332	349
723	350
700	351
211	352
722	353
408	354
1075	355
381	356
977	357
678	358
1114	359
522	360
392	361
364	362
386	363
244	364
68	365
786	366
407	367
735	368
716	369
507	370
936	371
566	372
961	373
332	374
260	375
609	376
397	377
422	378
702	379
37	380
586	381
23	382
932	383
213	384
474	385
359	386
440	387
787	388
625	389
588	390
445	391
583	392
391	393
421	394
714	395
433	396
285	397
801	398
38	399
208	400
363	401
591	402
573	403
1113	404
573	405
190	406
990	407
517	408
297	409
446	410
570	411
829	412
328	413
519	414
924	415
1068	416
526	417
1122	418
596	419
516	420
370	421
473	422
865	423
562	424
317	425
662	426
967	427
51	428
41	429
170	430
375	431
235	432
982	433
422	434
981	435
342	436
258	437
641	438
1169	439
589	440
1026	441
820	442
524	443
785	444
613	445
933	446
62	447
593	448
503	449
320	450
250	451
944	452
243	453
337	454
608	455
1058	456
47	457
1132	458
337	459
511	460
691	461
281	462
537	463
571	464
422	465
194	466
480	467
259	468
260	469
678	470
390	471
712	472
438	473
181	474
517	475
257	476
320	477
915	478
190	479
607	480
345	481
625	482
516	483
47	484
56	485
259	486
223	487
223	488
847	489
827	490
1121	491
452	492
289	493
92	494
56	495
259	496
483	497
1054	498
409	499
62	500
911	501
615	502
68	503
408	504
668	505
260	506
512	507
556	508
384	509
741	510
722	511
299	512
860	513
410	514
199	515
507	516
867	517
982	518
556	519
740	520
409	521
564	522
408	523
630	524
590	525
983	526
595	527
236	528
1129	529
835	530
448	531
667	532
662	533
228	534
609	535
699	536
723	537
460	538
325	539
870	540
519	541
800	542
713	543
979	544
92	545
453	546
408	547
616	548
586	549
532	550
570	551
600	552
438	553
285	554
225	555
84	556
271	557
219	558
568	559
480	560
187	561
134	562
622	563
389	564
452	565
335	566
199	567
314	568
509	569
1086	570
595	571
244	572
314	573
290	574
612	575
400	576
859	577
521	578
521	579
387	580
390	581
513	582
737	583
1274	584
301	585
1170	586
191	587
323	588
422	589
62	590
557	591
374	592
537	593
392	594
136	595
761	596
499	597
397	598
623	599
224	600
847	601
485	602
223	603
107	604
683	605
692	606
361	607
286	608
537	609
607	610
518	611
868	612
699	613
113	614
719	615
516	616
274	617
868	618
870	619
439	620
502	621
274	622
493	623
313	624
131	625
785	626
439	627
578	628
281	629
190	630
440	631
199	632
516	633
531	634
501	635
835	636
773	637
422	638
125	639
906	640
483	641
1086	642
686	643
365	644
928	645
686	646
723	647
617	648
665	649
233	650
205	651
949	652
275	653
226	654
221	655
630	656
1093	657
366	658
231	659
567	660
1082	661
1115	662
706	663
492	664
136	665
924	666
841	667
445	668
795	669
62	670
667	671
295	672
563	673
495	674
68	675
293	676
946	677
189	678
794	679
808	680
846	681
581	682
804	683
739	684
524	685
485	686
637	687
409	688
762	689
296	690
479	691
914	692
573	693
573	694
203	695
513	696
730	697
387	698
332	699
281	700
405	701
856	702
399	703
493	704
922	705
569	706
827	707
386	708
199	709
56	710
438	711
501	712
715	713
803	714
684	715
715	716
317	717
913	718
769	719
769	720
855	721
289	722
986	723
532	724
537	725
612	726
992	727
771	728
784	729
199	730
425	731
63	732
794	733
460	734
427	735
931	736
294	737
689	738
863	739
801	740
801	741
190	742
47	743
832	744
295	745
589	746
845	747
446	748
259	749
56	750
577	751
56	752
298	753
591	754
320	755
62	756
507	757
92	758
295	759
59	760
182	761
86	762
194	763
821	764
285	765
782	766
577	767
41	768
438	769
764	770
517	771
376	772
262	773
517	774
945	775
637	776
898	777
493	778
312	779
190	780
409	781
973	782
517	783
429	784
714	785
714	786
284	787
808	788
934	789
107	790
337	791
25	792
716	793
719	794
242	795
818	796
393	797
295	798
232	799
976	800
1084	801
714	802
555	803
715	804
227	805
175	806
508	807
250	808
289	809
300	810
737	811
405	812
405	813
508	814
191	815
452	816
50	817
190	818
452	819
25	820
503	821
314	822
511	823
314	824
25	825
293	826
898	827
938	828
512	829
285	830
1268	831
513	832
848	833
829	834
686	835
740	836
296	837
296	838
536	839
211	840
62	841
564	842
720	843
274	844
332	845
796	846
460	847
391	848
681	849
840	850
381	851
488	852
158	853
41	854
23	855
376	856
110	857
147	858
72	859
120	860
373	861
236	862
227	863
725	864
168	865
641	866
284	867
518	868
820	869
1022	870
892	871
990	872
62	873
937	874
617	875
106	876
365	877
322	878
891	879
899	880
573	881
929	882
602	883
711	884
855	885
68	886
1059	887
335	888
536	889
60	890
286	891
503	892
402	893
297	894
234	895
281	896
562	897
297	898
1060	899
508	900
686	901
972	902
432	903
1113	904
319	905
104	906
107	907
320	908
190	909
364	910
1270	911
721	912
521	913
366	914
798	915
524	916
384	917
44	918
851	919
591	920
386	921
345	922
791	923
1139	924
242	925
373	926
365	927
225	928
837	929
620	930
296	931
714	932
619	933
683	934
23	935
110	936
423	937
521	938
427	939
373	940
47	941
460	942
485	943
92	944
834	945
25	946
236	947
869	948
393	949
425	950
597	951
626	952
426	953
50	954
145	955
166	956
220	957
245	958
234	959
218	960
133	961
117	962
199	963
176	964
295	965
182	966
348	967
115	968
9	969
4	970
93	971
91	972
149	973
282	974
574	975
121	976
149	977
500	978
202	979
10	980
54	981
243	982
115	983
7	984
34	985
36	986
10	987
206	988
155	989
201	990
14	991
5	992
67	993
4	994
4	995
93	996
38	997
2	998
404	999
629	1000
603	1001
12	1002
15	1003
126	1004
10	1005
5	1006
15	1007
778	1008
52	1009
58	1010
218	1011
181	1012
515	1013
62	1014
225	1015
9	1016
692	1017
788	1018
309	1019
203	1020
423	1021
94	1022
499	1023
418	1024
7	1025
86	1026
115	1027
74	1028
74	1029
98	1030
10	1031
7	1032
15	1033
177	1034
69	1035
84	1036
127	1037
162	1038
96	1039
239	1040
9	1041
15	1042
99	1043
134	1044
4	1045
206	1046
625	1047
53	1048
16	1049
348	1050
9	1051
110	1052
116	1053
32	1054
99	1055
71	1056
526	1057
32	1058
204	1059
134	1060
330	1061
253	1062
60	1063
1061	1064
788	1065
669	1066
669	1067
147	1068
84	1069
2	1070
342	1071
2	1072
397	1073
397	1074
525	1075
525	1076
525	1077
525	1078
14	1079
451	1080
63	1081
14	1082
96	1083
84	1084
484	1085
277	1086
1259	1087
1116	1088
214	1089
718	1090
844	1091
149	1092
109	1093
34	1094
91	1095
180	1096
33	1097
11	1098
1153	1099
202	1100
57	1101
11	1102
27	1103
94	1104
177	1105
27	1106
232	1107
33	1108
41	1109
194	1110
237	1111
15	1112
209	1113
128	1114
11	1115
25	1116
25	1117
431	1118
118	1119
273	1120
184	1121
752	1122
3	1123
3	1124
90	1125
100	1126
41	1127
435	1128
204	1129
149	1130
116	1131
43	1132
59	1133
91	1134
1064	1135
375	1136
631	1137
77	1138
12	1139
1254	1140
12	1141
93	1142
1217	1143
449	1144
447	1145
8	1146
1161	1147
5	1148
909	1149
109	1150
187	1151
596	1152
969	1153
4	1154
402	1155
781	1156
473	1157
1262	1158
231	1159
767	1160
111	1161
152	1162
19	1163
127	1164
118	1165
36	1166
584	1167
319	1168
512	1169
432	1170
728	1171
343	1172
1188	1173
1187	1174
428	1175
316	1176
65	1177
85	1178
411	1179
6	1180
575	1181
119	1182
347	1183
36	1184
246	1185
2	1186
85	1187
14	1188
153	1189
102	1190
732	1191
2	1192
676	1193
461	1194
57	1195
9	1196
16	1197
55	1198
55	1199
36	1200
13	1201
165	1202
475	1203
118	1204
238	1205
974	1206
192	1207
587	1208
193	1209
167	1210
19	1211
19	1212
4	1213
69	1214
139	1215
1213	1216
2	1217
28	1218
16	1219
113	1220
157	1221
1083	1222
1048	1223
670	1224
182	1225
10	1226
16	1227
1142	1228
57	1229
736	1230
263	1231
1007	1232
139	1233
95	1234
50	1235
268	1236
319	1237
694	1238
594	1239
55	1240
58	1241
545	1242
360	1243
581	1244
454	1245
326	1246
82	1247
7	1248
1009	1249
301	1250
430	1251
1097	1252
229	1253
1214	1254
32	1255
616	1256
33	1257
192	1258
118	1259
118	1260
32	1261
69	1262
4	1263
156	1264
382	1265
326	1266
415	1267
51	1268
11	1269
42	1270
41	1271
48	1272
130	1273
46	1274
173	1275
359	1276
169	1277
283	1278
665	1279
681	1280
728	1281
132	1282
147	1283
419	1284
1136	1285
28	1286
29	1287
143	1288
10	1289
627	1290
13	1291
36	1292
91	1293
177	1294
343	1295
66	1296
15	1297
36	1298
9	1299
278	1300
879	1301
208	1302
258	1303
185	1304
90	1305
497	1306
462	1307
505	1308
380	1309
697	1310
292	1311
144	1312
6	1313
4	1314
13	1315
238	1316
292	1317
427	1318
52	1319
13	1320
828	1321
246	1322
637	1323
62	1324
97	1325
15	1326
112	1327
512	1328
203	1329
112	1330
916	1331
215	1332
209	1333
24	1334
57	1335
3	1336
107	1337
107	1338
964	1339
1204	1340
1081	1341
236	1342
46	1343
909	1344
54	1345
844	1346
850	1347
522	1348
10	1349
486	1350
685	1351
1250	1352
78	1353
2	1354
40	1355
293	1356
610	1357
24	1358
893	1359
790	1360
19	1361
149	1362
131	1363
48	1364
330	1365
166	1366
11	1367
101	1368
443	1369
368	1370
393	1371
29	1372
335	1373
111	1374
770	1375
72	1376
261	1377
601	1378
216	1379
79	1380
45	1381
503	1382
116	1383
11	1384
100	1385
141	1386
304	1387
340	1388
695	1389
454	1390
139	1391
632	1392
442	1393
429	1394
135	1395
218	1396
187	1397
850	1398
76	1399
441	1400
578	1401
221	1402
398	1403
296	1404
261	1405
261	1406
479	1407
122	1408
135	1409
464	1410
80	1411
649	1412
429	1413
326	1414
89	1415
690	1416
45	1417
856	1418
362	1419
697	1420
142	1421
11	1422
806	1423
375	1424
202	1425
224	1426
58	1427
28	1428
402	1429
583	1430
116	1431
71	1432
71	1433
185	1434
31	1435
134	1436
37	1437
169	1438
685	1439
43	1440
454	1441
242	1442
538	1443
369	1444
36	1445
319	1446
81	1447
478	1448
78	1449
36	1450
42	1451
177	1452
629	1453
1059	1454
850	1455
613	1456
1029	1457
17	1458
939	1459
520	1460
284	1461
434	1462
390	1463
27	1464
504	1465
103	1466
138	1467
1115	1468
10	1469
293	1470
5	1471
456	1472
323	1473
66	1474
703	1475
993	1476
12	1477
942	1478
40	1479
53	1480
816	1481
154	1482
122	1483
613	1484
104	1485
812	1486
338	1487
643	1488
224	1489
1097	1490
557	1491
1080	1492
453	1493
1263	1494
985	1495
124	1496
324	1497
893	1498
338	1499
260	1500
557	1501
767	1502
104	1503
497	1504
369	1505
300	1506
635	1507
60	1508
1095	1509
55	1510
231	1511
12	1512
369	1513
576	1514
284	1515
593	1516
685	1517
712	1518
857	1519
610	1520
55	1521
406	1522
767	1523
477	1524
410	1525
1062	1526
3	1527
582	1528
91	1529
122	1530
949	1531
231	1532
16	1533
242	1534
1094	1535
203	1536
964	1537
433	1538
102	1539
5	1540
16	1541
681	1542
856	1543
104	1544
394	1545
31	1546
791	1547
684	1548
813	1549
554	1550
231	1551
969	1552
141	1553
697	1554
192	1555
284	1556
383	1557
112	1558
309	1559
26	1560
64	1561
121	1562
601	1563
36	1564
583	1565
441	1566
869	1567
733	1568
10	1569
55	1570
60	1571
88	1572
696	1573
246	1574
776	1575
10	1576
112	1577
112	1578
3	1579
37	1580
2	1581
96	1582
19	1583
735	1584
24	1585
189	1586
189	1587
484	1588
16	1589
280	1590
55	1591
24	1592
10	1593
48	1594
710	1595
177	1596
107	1597
300	1598
792	1599
1171	1600
432	1601
610	1602
486	1603
395	1604
1215	1605
1226	1606
1065	1607
118	1608
95	1609
186	1610
100	1611
111	1612
63	1613
20	1614
117	1615
489	1616
315	1617
535	1618
39	1619
131	1620
120	1621
121	1622
731	1623
31	1624
412	1625
271	1626
46	1627
78	1628
27	1629
120	1630
277	1631
200	1632
48	1633
132	1634
46	1635
373	1636
36	1637
170	1638
214	1639
3	1640
4	1641
343	1642
776	1643
84	1644
84	1645
177	1646
157	1647
31	1648
8	1649
486	1650
1052	1651
319	1652
343	1653
613	1654
486	1655
854	1656
112	1657
112	1658
15	1659
440	1660
55	1661
69	1662
24	1663
293	1664
9	1665
874	1666
95	1667
9	1668
9	1669
16	1670
6	1671
507	1672
354	1673
1	1674
538	1675
255	1676
736	1677
208	1678
10	1679
136	1680
964	1681
1	1682
306	1683
286	1684
143	1685
55	1686
596	1687
823	1688
65	1689
196	1690
2	1691
164	1692
287	1693
600	1694
287	1695
767	1696
533	1697
159	1698
2	1699
53	1700
672	1701
551	1702
119	1703
818	1704
104	1705
86	1706
12	1707
597	1708
212	1709
443	1710
369	1711
336	1712
203	1713
582	1714
10	1715
235	1716
252	1717
345	1718
22	1719
530	1720
199	1721
807	1722
604	1723
180	1724
66	1725
446	1726
1216	1727
744	1728
12	1729
754	1730
138	1731
779	1732
3	1733
3	1734
367	1735
232	1736
486	1737
2	1738
659	1739
14	1740
917	1741
146	1742
110	1743
253	1744
178	1745
143	1746
255	1747
262	1748
1088	1749
144	1750
112	1751
114	1752
307	1753
579	1754
413	1755
16	1756
11	1757
5	1758
39	1759
173	1760
173	1761
173	1762
173	1763
173	1764
173	1765
248	1766
1002	1767
1149	1768
58	1769
17	1770
306	1771
53	1772
401	1773
401	1774
324	1775
571	1776
783	1777
105	1778
284	1779
1133	1780
1103	1781
501	1782
997	1783
671	1784
356	1785
2	1786
418	1787
44	1788
44	1789
92	1790
631	1791
212	1792
542	1793
883	1794
8	1795
8	1796
31	1797
340	1798
19	1799
156	1800
192	1801
121	1802
124	1803
259	1804
160	1805
276	1806
341	1807
89	1808
270	1809
6	1810
20	1811
234	1812
40	1813
2	1814
599	1815
5	1816
28	1817
28	1818
512	1819
46	1820
28	1821
449	1822
173	1823
987	1824
46	1825
1085	1826
2	1827
265	1828
849	1829
608	1830
654	1831
497	1832
338	1833
109	1834
132	1835
580	1836
775	1837
109	1838
428	1839
35	1840
118	1841
261	1842
90	1843
38	1844
15	1845
388	1846
790	1847
486	1848
3	1849
710	1850
103	1851
411	1852
411	1853
1183	1854
229	1855
337	1856
82	1857
350	1858
371	1859
34	1860
455	1861
455	1862
455	1863
455	1864
75	1865
1041	1866
267	1867
560	1868
579	1869
437	1870
755	1871
69	1872
1040	1873
184	1874
69	1875
69	1876
444	1877
68	1878
212	1879
31	1880
789	1881
85	1882
13	1883
632	1884
91	1885
229	1886
16	1887
604	1888
336	1889
708	1890
14	1891
14	1892
14	1893
107	1894
422	1895
7	1896
134	1897
112	1898
26	1899
3	1900
3	1901
70	1902
9	1903
22	1904
80	1905
64	1906
20	1907
1043	1908
292	1909
189	1910
280	1911
188	1912
96	1913
307	1914
56	1915
56	1916
56	1917
228	1918
64	1919
64	1920
64	1921
64	1922
312	1923
194	1924
398	1925
407	1926
407	1927
824	1928
824	1929
294	1930
385	1931
289	1932
38	1933
717	1934
1182	1935
181	1936
447	1937
89	1938
43	1939
583	1940
65	1941
28	1942
640	1943
47	1944
278	1945
113	1946
213	1947
293	1948
246	1949
42	1950
231	1951
334	1952
334	1953
334	1954
65	1955
218	1956
283	1957
218	1958
226	1959
108	1960
218	1961
694	1962
947	1963
140	1964
20	1965
95	1966
98	1967
465	1968
58	1969
988	1970
96	1971
498	1972
69	1973
69	1974
330	1975
1132	1976
76	1977
605	1978
820	1979
518	1980
610	1981
1071	1982
519	1983
1116	1984
894	1985
1197	1986
677	1987
1024	1988
1127	1989
614	1990
967	1991
635	1992
899	1993
250	1994
1068	1995
970	1996
87	1997
101	1998
201	1999
766	2000
685	2001
919	2002
1000	2003
490	2004
936	2005
897	2006
1265	2007
34	2008
1051	2009
1111	2010
1055	2011
514	2012
1069	2013
838	2014
774	2015
849	2016
1073	2017
968	2018
1242	2019
937	2020
664	2021
792	2022
716	2023
489	2024
719	2025
618	2026
516	2027
680	2028
606	2029
780	2030
596	2031
1186	2032
243	2033
154	2034
83	2035
4	2036
248	2037
1032	2038
33	2039
39	2040
67	2041
6	2042
361	2043
347	2044
16	2045
825	2046
696	2047
52	2048
832	2049
526	2050
183	2051
104	2052
574	2053
550	2054
22	2055
144	2056
1222	2057
52	2058
20	2059
36	2060
124	2061
324	2062
61	2063
500	2064
23	2065
143	2066
995	2067
552	2068
3	2069
315	2070
130	2071
63	2072
136	2073
1099	2074
159	2075
1	2076
75	2077
8	2078
234	2079
917	2080
353	2081
402	2082
471	2083
178	2084
88	2085
332	2086
301	2087
858	2088
895	2089
426	2090
289	2091
1028	2092
221	2093
61	2094
902	2095
2	2096
257	2097
338	2098
587	2099
287	2100
195	2101
237	2102
27	2103
971	2104
672	2105
1179	2106
580	2107
13	2108
416	2109
3	2110
947	2111
47	2112
595	2113
247	2114
316	2115
215	2116
252	2117
292	2118
333	2119
6	2120
130	2121
396	2122
724	2123
154	2124
940	2125
858	2126
232	2127
448	2128
940	2129
584	2130
112	2131
196	2132
196	2133
18	2134
825	2135
3	2136
157	2137
1038	2138
195	2139
673	2140
53	2141
338	2142
75	2143
236	2144
505	2145
1042	2146
219	2147
103	2148
272	2149
82	2150
19	2151
68	2152
344	2153
884	2154
467	2155
40	2156
879	2157
649	2158
15	2159
466	2160
758	2161
420	2162
881	2163
656	2164
468	2165
546	2166
655	2167
354	2168
653	2169
469	2170
745	2171
1018	2172
658	2173
755	2174
646	2175
463	2176
241	2177
652	2178
311	2179
753	2180
747	2181
349	2182
39	2183
1009	2184
470	2185
750	2186
876	2187
269	2188
544	2189
30	2190
541	2191
306	2192
748	2193
36	2194
53	2195
34	2196
355	2197
268	2198
197	2199
240	2200
882	2201
352	2202
310	2203
638	2204
54	2205
461	2206
210	2207
414	2208
211	2209
95	2210
125	2211
28	2212
175	2213
415	2214
413	2215
114	2216
98	2217
1155	2218
157	2219
462	2220
14	2221
305	2222
18	2223
301	2224
81	2225
7	2226
84	2227
127	2228
29	2229
97	2230
266	2231
1157	2232
732	2233
61	2234
46	2235
482	2236
1064	2237
272	2238
48	2239
782	2240
247	2241
211	2242
605	2243
518	2244
597	2245
326	2246
326	2247
780	2248
457	2249
6	2250
235	2251
482	2252
267	2253
1185	2254
329	2255
463	2256
414	2257
426	2258
530	2259
89	2260
45	2261
256	2262
287	2263
280	2264
1108	2265
378	2266
206	2267
107	2268
579	2269
720	2270
957	2271
205	2272
376	2273
76	2274
26	2275
535	2276
10	2277
8	2278
15	2279
543	2280
246	2281
1078	2282
759	2283
246	2284
272	2285
991	2286
312	2287
118	2288
118	2289
536	2290
172	2291
1156	2292
288	2293
1105	2294
266	2295
266	2296
266	2297
544	2298
564	2299
716	2300
1001	2301
616	2302
572	2303
1	2304
1	2305
847	2306
729	2307
1095	2308
1074	2309
729	2310
847	2311
708	2312
33	2313
302	2314
448	2315
103	2316
836	2317
104	2318
270	2319
87	2320
270	2321
149	2322
116	2323
167	2324
76	2325
39	2326
13	2327
394	2328
27	2329
26	2330
79	2331
133	2332
158	2333
357	2334
71	2335
100	2336
37	2337
6	2338
138	2339
1092	2340
526	2341
213	2342
294	2343
85	2344
167	2345
130	2346
169	2347
138	2348
531	2349
98	2350
4	2351
105	2352
1	2353
181	2354
162	2355
98	2356
154	2357
5	2358
75	2359
57	2360
105	2361
59	2362
140	2363
230	2364
626	2365
34	2366
152	2367
396	2368
247	2369
71	2370
113	2371
45	2372
115	2373
204	2374
150	2375
283	2376
684	2377
1070	2378
144	2379
426	2380
94	2381
186	2382
5	2383
127	2384
219	2385
71	2386
495	2387
576	2388
3	2389
39	2390
238	2391
147	2392
159	2393
126	2394
418	2395
94	2396
162	2397
525	2398
273	2399
176	2400
117	2401
273	2402
63	2403
276	2404
98	2405
6	2406
195	2407
55	2408
90	2409
78	2410
54	2411
1	2412
94	2413
347	2414
77	2415
5	2416
9	2417
5	2418
208	2419
15	2420
26	2421
312	2422
6	2423
677	2424
622	2425
17	2426
16	2427
795	2428
271	2429
124	2430
202	2431
22	2432
123	2433
4	2434
5	2435
2	2436
15	2437
100	2438
153	2439
799	2440
523	2441
724	2442
618	2443
1168	2444
110	2445
30	2446
791	2447
646	2448
125	2449
605	2450
153	2451
494	2452
256	2453
46	2454
549	2455
549	2456
197	2457
3	2458
77	2459
51	2460
162	2461
99	2462
180	2463
574	2464
737	2465
60	2466
70	2467
630	2468
812	2469
317	2470
386	2471
1094	2472
660	2473
140	2474
273	2475
179	2476
185	2477
90	2478
131	2479
436	2480
143	2481
50	2482
4	2483
108	2484
151	2485
162	2486
99	2487
49	2488
146	2489
233	2490
141	2491
49	2492
144	2493
31	2494
313	2495
618	2496
557	2497
1096	2498
838	2499
794	2500
87	2501
152	2502
375	2503
169	2504
55	2505
278	2506
101	2507
15	2508
135	2509
436	2510
31	2511
171	2512
41	2513
89	2514
477	2515
117	2516
371	2517
110	2518
313	2519
75	2520
182	2521
147	2522
675	2523
622	2524
370	2525
629	2526
406	2527
262	2528
554	2529
130	2530
271	2531
46	2532
37	2533
85	2534
237	2535
277	2536
85	2537
343	2538
223	2539
97	2540
220	2541
40	2542
213	2543
298	2544
962	2545
37	2546
166	2547
40	2548
48	2549
74	2550
784	2551
529	2552
687	2553
68	2554
50	2555
57	2556
63	2557
578	2558
101	2559
43	2560
253	2561
99	2562
72	2563
195	2564
212	2565
750	2566
263	2567
214	2568
240	2569
717	2570
77	2571
239	2572
25	2573
46	2574
239	2575
134	2576
72	2577
372	2578
158	2579
75	2580
51	2581
79	2582
490	2583
434	2584
191	2585
485	2586
837	2587
459	2588
972	2589
894	2590
366	2591
722	2592
867	2593
934	2594
381	2595
895	2596
853	2597
480	2598
798	2599
925	2600
834	2601
854	2602
373	2603
851	2604
911	2605
610	2606
926	2607
366	2608
390	2609
216	2610
107	2611
56	2612
452	2613
860	2614
556	2615
1089	2616
8	2617
703	2618
3	2619
22	2620
9	2621
580	2622
1	2623
18	2624
644	2625
322	2626
134	2627
127	2628
384	2629
638	2630
258	2631
499	2632
114	2633
466	2634
366	2635
388	2636
707	2637
33	2638
1050	2639
12	2640
288	2641
1	2642
110	2643
150	2644
110	2645
362	2646
162	2647
390	2648
352	2649
8	2650
642	2651
309	2652
101	2653
273	2654
101	2655
132	2656
770	2657
959	2658
470	2659
89	2660
267	2661
363	2662
73	2663
264	2664
30	2665
242	2666
88	2667
13	2668
263	2669
263	2670
336	2671
398	2672
336	2673
105	2674
143	2675
169	2676
116	2677
23	2678
74	2679
178	2680
145	2681
271	2682
143	2683
249	2684
1	2685
146	2686
219	2687
222	2688
442	2689
442	2690
448	2691
45	2692
297	2693
996	2694
233	2695
725	2696
564	2697
614	2698
106	2699
557	2700
920	2701
392	2702
215	2703
133	2704
416	2705
423	2706
958	2707
705	2708
811	2709
389	2710
808	2711
421	2712
388	2713
423	2714
517	2715
932	2716
870	2717
590	2718
386	2719
118	2720
682	2721
989	2722
157	2723
306	2724
16	2725
22	2726
2	2727
388	2728
16	2729
63	2730
189	2731
618	2732
95	2733
1272	2734
387	2735
1061	2736
332	2737
364	2738
275	2739
195	2740
588	2741
614	2742
426	2743
194	2744
153	2745
592	2746
2	2747
143	2748
145	2749
434	2750
864	2751
325	2752
800	2753
647	2754
96	2755
10	2756
16	2757
36	2758
163	2759
1174	2760
930	2761
481	2762
75	2763
115	2764
216	2765
355	2766
162	2767
41	2768
9	2769
50	2770
75	2771
695	2772
174	2773
147	2774
87	2775
146	2776
211	2777
2	2778
729	2779
301	2780
62	2781
160	2782
8	2783
152	2784
162	2785
145	2786
145	2787
98	2788
147	2789
32	2790
683	2791
757	2792
933	2793
520	2794
199	2795
107	2796
1127	2797
572	2798
567	2799
682	2800
328	2801
207	2802
446	2803
93	2804
279	2805
39	2806
401	2807
207	2808
260	2809
453	2810
616	2811
185	2812
497	2813
55	2814
72	2815
231	2816
79	2817
4	2818
32	2819
55	2820
38	2821
790	2822
112	2823
23	2824
57	2825
184	2826
797	2827
153	2828
29	2829
207	2830
361	2831
154	2832
227	2833
164	2834
147	2835
91	2836
16	2837
16	2838
1017	2839
34	2840
53	2841
53	2842
189	2843
63	2844
670	2845
1206	2846
571	2847
268	2848
111	2849
16	2850
111	2851
6	2852
6	2853
43	2854
145	2855
16	2856
315	2857
44	2858
673	2859
91	2860
48	2861
234	2862
279	2863
72	2864
111	2865
184	2866
622	2867
108	2868
166	2869
130	2870
218	2871
132	2872
152	2873
50	2874
91	2875
347	2876
151	2877
42	2878
403	2879
984	2880
130	2881
161	2882
200	2883
86	2884
45	2885
543	2886
367	2887
27	2888
35	2889
48	2890
14	2891
80	2892
116	2893
440	2894
126	2895
733	2896
183	2897
168	2898
310	2899
546	2900
881	2901
546	2902
383	2903
367	2904
292	2905
18	2906
53	2907
66	2908
115	2909
747	2910
97	2911
44	2912
603	2913
5	2914
54	2915
2	2916
106	2917
43	2918
195	2919
28	2920
49	2921
142	2922
71	2923
79	2924
202	2925
198	2926
263	2927
97	2928
493	2929
2	2930
169	2931
43	2932
73	2933
161	2934
498	2935
6	2936
27	2937
122	2938
38	2939
738	2940
104	2941
149	2942
367	2943
528	2944
1019	2945
216	2946
251	2947
201	2948
178	2949
861	2950
65	2951
234	2952
357	2953
61	2954
1	2955
8	2956
95	2957
628	2958
234	2959
240	2960
57	2961
50	2962
377	2963
22	2964
93	2965
146	2966
324	2967
163	2968
286	2969
161	2970
268	2971
377	2972
111	2973
52	2974
184	2975
75	2976
58	2977
19	2978
147	2979
54	2980
2	2981
331	2982
133	2983
142	2984
165	2985
151	2986
138	2987
362	2988
151	2989
122	2990
360	2991
357	2992
31	2993
46	2994
24	2995
136	2996
306	2997
311	2998
21	2999
21	3000
21	3001
33	3002
66	3003
30	3004
559	3005
97	3006
66	3007
3	3008
269	3009
21	3010
436	3011
308	3012
192	3013
219	3014
315	3015
755	3016
303	3017
56	3018
267	3019
11	3020
65	3021
6	3022
59	3023
777	3024
83	3025
917	3026
140	3027
37	3028
151	3029
230	3030
76	3031
159	3032
522	3033
87	3034
119	3035
464	3036
93	3037
120	3038
136	3039
672	3040
96	3041
19	3042
198	3043
159	3044
169	3045
361	3046
180	3047
29	3048
168	3049
47	3050
143	3051
598	3052
122	3053
16	3054
22	3055
176	3056
649	3057
436	3058
220	3059
212	3060
167	3061
341	3062
412	3063
68	3064
217	3065
253	3066
378	3067
185	3068
71	3069
120	3070
529	3071
401	3072
401	3073
178	3074
181	3075
145	3076
11	3077
533	3078
94	3079
615	3080
43	3081
316	3082
316	3083
83	3084
137	3085
67	3086
316	3087
731	3088
558	3089
27	3090
97	3091
250	3092
39	3093
115	3094
27	3095
247	3096
82	3097
558	3098
327	3099
139	3100
341	3101
753	3102
27	3103
27	3104
428	3105
119	3106
984	3107
44	3108
169	3109
39	3110
137	3111
125	3112
120	3113
60	3114
143	3115
303	3116
143	3117
360	3118
476	3119
313	3120
155	3121
14	3122
130	3123
129	3124
83	3125
157	3126
160	3127
20	3128
174	3129
176	3130
280	3131
178	3132
180	3133
222	3134
57	3135
886	3136
472	3137
533	3138
108	3139
169	3140
115	3141
96	3142
129	3143
82	3144
18	3145
115	3146
86	3147
35	3148
47	3149
174	3150
35	3151
155	3152
201	3153
96	3154
41	3155
87	3156
174	3157
19	3158
298	3159
70	3160
11	3161
101	3162
425	3163
77	3164
189	3165
121	3166
62	3167
327	3168
1	3169
120	3170
162	3171
159	3172
111	3173
401	3174
109	3175
455	3176
173	3177
118	3178
600	3179
212	3180
98	3181
655	3182
24	3183
69	3184
239	3185
649	3186
416	3187
27	3188
20	3189
154	3190
245	3191
217	3192
58	3193
154	3194
108	3195
135	3196
213	3197
505	3198
198	3199
667	3200
129	3201
213	3202
168	3203
101	3204
110	3205
106	3206
46	3207
119	3208
368	3209
23	3210
302	3211
213	3212
140	3213
162	3214
67	3215
203	3216
119	3217
192	3218
300	3219
300	3220
25	3221
140	3222
133	3223
183	3224
142	3225
174	3226
151	3227
511	3228
874	3229
45	3230
172	3231
587	3232
242	3233
993	3234
142	3235
180	3236
61	3237
155	3238
193	3239
119	3240
45	3241
192	3242
210	3243
61	3244
455	3245
94	3246
253	3247
165	3248
116	3249
31	3250
581	3251
594	3252
25	3253
404	3254
40	3255
3	3256
50	3257
283	3258
182	3259
822	3260
57	3261
128	3262
115	3263
49	3264
146	3265
239	3266
355	3267
32	3268
100	3269
539	3270
376	3271
308	3272
46	3273
456	3274
400	3275
185	3276
6	3277
239	3278
140	3279
36	3280
5	3281
600	3282
560	3283
14	3284
497	3285
65	3286
5	3287
221	3288
443	3289
118	3290
69	3291
104	3292
534	3293
462	3294
339	3295
1	3296
218	3297
164	3298
45	3299
9	3300
10	3301
93	3302
217	3303
55	3304
91	3305
361	3306
363	3307
747	3308
104	3309
1016	3310
646	3311
356	3312
500	3313
129	3314
70	3315
235	3316
122	3317
214	3318
11	3319
94	3320
11	3321
209	3322
135	3323
4	3324
709	3325
1	3326
24	3327
111	3328
628	3329
14	3330
805	3331
310	3332
33	3333
64	3334
355	3335
274	3336
1015	3337
1	3338
1	3339
468	3340
531	3341
12	3342
26	3343
345	3344
281	3345
653	3346
416	3347
309	3348
876	3349
807	3350
272	3351
209	3352
174	3353
534	3354
84	3355
502	3356
46	3357
815	3358
738	3359
53	3360
333	3361
441	3362
548	3363
52	3364
45	3365
31	3366
31	3367
80	3368
183	3369
178	3370
91	3371
45	3372
162	3373
48	3374
148	3375
37	3376
69	3377
93	3378
21	3379
265	3380
214	3381
1	3382
72	3383
352	3384
344	3385
5	3386
156	3387
470	3388
210	3389
194	3390
630	3391
50	3392
131	3393
741	3394
376	3395
679	3396
42	3397
1052	3398
330	3399
21	3400
119	3401
59	3402
263	3403
437	3404
745	3405
254	3406
494	3407
150	3408
147	3409
71	3410
484	3411
145	3412
1159	3413
57	3414
325	3415
957	3416
543	3417
269	3418
489	3419
356	3420
251	3421
960	3422
21	3423
21	3424
35	3425
650	3426
717	3427
173	3428
632	3429
252	3430
200	3431
178	3432
270	3433
150	3434
253	3435
985	3436
283	3437
282	3438
139	3439
67	3440
128	3441
49	3442
278	3443
477	3444
814	3445
46	3446
576	3447
953	3448
46	3449
88	3450
456	3451
528	3452
528	3453
528	3454
241	3455
132	3456
340	3457
352	3458
18	3459
42	3460
145	3461
50	3462
47	3463
52	3464
550	3465
37	3466
177	3467
52	3468
93	3469
9	3470
20	3471
29	3472
69	3473
189	3474
44	3475
71	3476
253	3477
48	3478
115	3479
116	3480
99	3481
110	3482
377	3483
313	3484
254	3485
60	3486
148	3487
138	3488
87	3489
168	3490
137	3491
117	3492
141	3493
104	3494
186	3495
105	3496
131	3497
89	3498
129	3499
79	3500
82	3501
131	3502
133	3503
104	3504
55	3505
129	3506
477	3507
134	3508
220	3509
5	3510
73	3511
86	3512
254	3513
435	3514
168	3515
551	3516
89	3517
185	3518
222	3519
507	3520
124	3521
99	3522
184	3523
87	3524
79	3525
41	3526
276	3527
43	3528
201	3529
276	3530
221	3531
150	3532
184	3533
179	3534
249	3535
124	3536
330	3537
42	3538
321	3539
196	3540
200	3541
129	3542
104	3543
86	3544
51	3545
475	3546
258	3547
181	3548
202	3549
198	3550
251	3551
84	3552
89	3553
79	3554
79	3555
404	3556
43	3557
138	3558
183	3559
258	3560
165	3561
142	3562
202	3563
128	3564
101	3565
61	3566
122	3567
141	3568
204	3569
99	3570
110	3571
110	3572
79	3573
72	3574
128	3575
161	3576
116	3577
5	3578
106	3579
82	3580
258	3581
60	3582
160	3583
133	3584
75	3585
167	3586
282	3587
226	3588
357	3589
271	3590
43	3591
158	3592
59	3593
92	3594
49	3595
128	3596
102	3597
153	3598
401	3599
1192	3600
263	3601
204	3602
168	3603
342	3604
456	3605
254	3606
141	3607
281	3608
152	3609
8	3610
8	3611
8	3612
8	3613
58	3614
778	3615
102	3616
163	3617
111	3618
73	3619
585	3620
274	3621
824	3622
355	3623
371	3624
147	3625
1158	3626
48	3627
247	3628
202	3629
105	3630
60	3631
656	3632
512	3633
574	3634
251	3635
73	3636
141	3637
178	3638
79	3639
357	3640
357	3641
380	3642
2	3643
377	3644
4	3645
24	3646
156	3647
781	3648
200	3649
198	3650
330	3651
276	3652
43	3653
276	3654
59	3655
167	3656
128	3657
331	3658
110	3659
504	3660
249	3661
89	3662
60	3663
424	3664
71	3665
79	3666
131	3667
186	3668
138	3669
168	3670
475	3671
85	3672
131	3673
254	3674
43	3675
508	3676
185	3677
227	3678
695	3679
839	3680
559	3681
621	3682
50	3683
118	3684
375	3685
476	3686
102	3687
16	3688
63	3689
222	3690
53	3691
148	3692
42	3693
148	3694
51	3695
193	3696
276	3697
80	3698
475	3699
287	3700
57	3701
1211	3702
51	3703
1195	3704
533	3705
674	3706
246	3707
438	3708
304	3709
144	3710
49	3711
42	3712
133	3713
574	3714
446	3715
266	3716
443	3717
271	3718
956	3719
873	3720
278	3721
165	3722
156	3723
72	3724
282	3725
121	3726
179	3727
41	3728
202	3729
181	3730
186	3731
121	3732
265	3733
496	3734
497	3735
51	3736
73	3737
42	3738
407	3739
57	3740
13	3741
130	3742
437	3743
50	3744
395	3745
908	3746
695	3747
902	3748
165	3749
133	3750
99	3751
171	3752
259	3753
283	3754
23	3755
63	3756
109	3757
58	3758
109	3759
456	3760
1	3761
1041	3762
117	3763
117	3764
226	3765
91	3766
580	3767
371	3768
129	3769
159	3770
189	3771
256	3772
552	3773
412	3774
124	3775
530	3776
551	3777
729	3778
9	3779
183	3780
160	3781
143	3782
500	3783
90	3784
151	3785
145	3786
145	3787
74	3788
203	3789
398	3790
282	3791
115	3792
180	3793
8	3794
579	3795
156	3796
424	3797
435	3798
116	3799
161	3800
161	3801
129	3802
201	3803
106	3804
116	3805
309	3806
89	3807
226	3808
282	3809
673	3810
102	3811
60	3812
466	3813
178	3814
195	3815
285	3816
1	3817
168	3818
19	3819
300	3820
165	3821
104	3822
202	3823
339	3824
14	3825
319	3826
234	3827
358	3828
548	3829
560	3830
286	3831
90	3832
292	3833
64	3834
269	3835
48	3836
66	3837
24	3838
19	3839
26	3840
49	3841
158	3842
75	3843
89	3844
220	3845
104	3846
249	3847
138	3848
133	3849
330	3850
99	3851
59	3852
100	3853
200	3854
49	3855
179	3856
24	3857
166	3858
152	3859
158	3860
1160	3861
23	3862
437	3863
281	3864
709	3865
35	3866
137	3867
759	3868
628	3869
246	3870
122	3871
249	3872
673	3873
30	3874
321	3875
458	3876
1191	3877
50	3878
130	3879
215	3880
142	3881
93	3882
63	3883
362	3884
154	3885
694	3886
3	3887
65	3888
358	3889
307	3890
5	3891
174	3892
633	3893
233	3894
477	3895
216	3896
809	3897
141	3898
19	3899
369	3900
7	3901
400	3902
176	3903
109	3904
265	3905
1	3906
21	3907
11	3908
276	3909
640	3910
467	3911
404	3912
26	3913
124	3914
456	3915
340	3916
26	3917
458	3918
4	3919
91	3920
80	3921
25	3922
6	3923
40	3924
860	3925
862	3926
211	3927
7	3928
44	3929
666	3930
58	3931
9	3932
963	3933
107	3934
87	3935
11	3936
292	3937
273	3938
268	3939
273	3940
273	3941
183	3942
222	3943
764	3944
114	3945
416	3946
35	3947
277	3948
26	3949
61	3950
273	3951
51	3952
163	3953
138	3954
133	3955
249	3956
45	3957
251	3958
166	3959
61	3960
23	3961
179	3962
12	3963
169	3964
671	3965
76	3966
291	3967
461	3968
31	3969
163	3970
110	3971
151	3972
101	3973
60	3974
375	3975
6	3976
380	3977
35	3978
44	3979
251	3980
254	3981
105	3982
23	3983
120	3984
165	3985
108	3986
132	3987
130	3988
37	3989
162	3990
148	3991
219	3992
59	3993
23	3994
260	3995
76	3996
28	3997
102	3998
102	3999
247	4000
342	4001
227	4002
114	4003
367	4004
114	4005
204	4006
347	4007
95	4008
346	4009
31	4010
254	4011
318	4012
117	4013
202	4014
472	4015
392	4016
420	4017
169	4018
13	4019
72	4020
270	4021
86	4022
183	4023
3	4024
1004	4025
214	4026
106	4027
245	4028
65	4029
357	4030
885	4031
538	4032
1128	4033
361	4034
587	4035
476	4036
322	4037
826	4038
322	4039
674	4040
674	4041
109	4042
234	4043
671	4044
372	4045
71	4046
51	4047
396	4048
661	4049
203	4050
257	4051
707	4052
31	4053
148	4054
65	4055
4	4056
201	4057
676	4058
406	4059
23	4060
700	4061
420	4062
81	4063
12	4064
40	4065
82	4066
248	4067
11	4068
558	4069
161	4070
890	4071
358	4072
49	4073
198	4074
57	4075
192	4076
338	4077
35	4078
838	4079
85	4080
783	4081
500	4082
46	4083
830	4084
87	4085
396	4086
6	4087
77	4088
333	4089
69	4090
463	4091
20	4092
428	4093
325	4094
175	4095
1037	4096
216	4097
449	4098
182	4099
251	4100
124	4101
315	4102
59	4103
457	4104
457	4105
168	4106
72	4107
50	4108
1091	4109
745	4110
638	4111
1193	4112
77	4113
353	4114
193	4115
639	4116
220	4117
467	4118
219	4119
379	4120
32	4121
204	4122
131	4123
560	4124
80	4125
57	4126
185	4127
367	4128
357	4129
117	4130
99	4131
23	4132
73	4133
23	4134
141	4135
163	4136
134	4137
168	4138
168	4139
277	4140
51	4141
117	4142
4	4143
148	4144
258	4145
88	4146
158	4147
321	4148
183	4149
51	4150
92	4151
313	4152
104	4153
142	4154
305	4155
253	4156
95	4157
151	4158
125	4159
224	4160
17	4161
691	4162
272	4163
17	4164
325	4165
287	4166
1025	4167
179	4168
47	4169
167	4170
129	4171
108	4172
182	4173
79	4174
49	4175
71	4176
187	4177
914	4178
60	4179
88	4180
285	4181
577	4182
405	4183
70	4184
140	4185
195	4186
47	4187
468	4188
21	4189
423	4190
209	4191
65	4192
336	4193
187	4194
177	4195
1035	4196
137	4197
380	4198
380	4199
54	4200
18	4201
65	4202
34	4203
97	4204
98	4205
54	4206
157	4207
157	4208
243	4209
157	4210
380	4211
172	4212
454	4213
262	4214
34	4215
141	4216
65	4217
748	4218
550	4219
307	4220
653	4221
882	4222
418	4223
893	4224
229	4225
229	4226
579	4227
229	4228
4	4229
633	4230
119	4231
709	4232
404	4233
103	4234
157	4235
604	4236
1	4237
7	4238
198	4239
498	4240
109	4241
325	4242
1045	4243
286	4244
642	4245
1010	4246
436	4247
119	4248
43	4249
100	4250
105	4251
49	4252
135	4253
111	4254
91	4255
59	4256
216	4257
331	4258
282	4259
708	4260
115	4261
252	4262
72	4263
599	4264
326	4265
41	4266
273	4267
759	4268
426	4269
441	4270
100	4271
941	4272
336	4273
628	4274
396	4275
1	4276
182	4277
249	4278
304	4279
129	4280
44	4281
1070	4282
240	4283
748	4284
121	4285
152	4286
420	4287
1015	4288
464	4289
87	4290
299	4291
161	4292
42	4293
1	4294
324	4295
354	4296
540	4297
443	4298
143	4299
61	4300
106	4301
87	4302
235	4303
661	4304
43	4305
59	4306
1023	4307
257	4308
87	4309
105	4310
178	4311
349	4312
107	4313
19	4314
435	4315
55	4316
121	4317
398	4318
367	4319
102	4320
43	4321
476	4322
147	4323
79	4324
179	4325
249	4326
201	4327
76	4328
60	4329
204	4330
88	4331
117	4332
116	4333
215	4334
42	4335
530	4336
114	4337
577	4338
14	4339
26	4340
26	4341
26	4342
429	4343
429	4344
886	4345
4	4346
423	4347
334	4348
334	4349
6	4350
334	4351
348	4352
112	4353
236	4354
170	4355
1002	4356
355	4357
350	4358
125	4359
9	4360
194	4361
94	4362
94	4363
10	4364
76	4365
561	4366
4	4367
329	4368
76	4369
194	4370
37	4371
74	4372
4	4373
152	4374
68	4375
121	4376
40	4377
277	4378
7	4379
639	4380
321	4381
7	4382
213	4383
80	4384
638	4385
137	4386
156	4387
212	4388
44	4389
126	4390
81	4391
160	4392
218	4393
510	4394
14	4395
1	4396
37	4397
81	4398
48	4399
369	4400
200	4401
31	4402
138	4403
236	4404
3	4405
217	4406
110	4407
20	4408
324	4409
302	4410
540	4411
135	4412
7	4413
308	4414
29	4415
154	4416
154	4417
18	4418
279	4419
807	4420
27	4421
311	4422
22	4423
268	4424
158	4425
44	4426
430	4427
142	4428
60	4429
254	4430
953	4431
698	4432
89	4433
509	4434
88	4435
88	4436
379	4437
203	4438
90	4439
106	4440
183	4441
435	4442
131	4443
560	4444
61	4445
41	4446
29	4447
18	4448
66	4449
104	4450
37	4451
210	4452
198	4453
122	4454
165	4455
16	4456
169	4457
86	4458
671	4459
333	4460
68	4461
202	4462
184	4463
648	4464
57	4465
793	4466
179	4467
145	4468
329	4469
38	4470
45	4471
64	4472
40	4473
40	4474
144	4475
83	4476
146	4477
114	4478
87	4479
277	4480
31	4481
984	4482
70	4483
35	4484
345	4485
582	4486
316	4487
255	4488
51	4489
584	4490
258	4491
217	4492
145	4493
277	4494
16	4495
208	4496
445	4497
290	4498
76	4499
3	4500
3	4501
20	4502
211	4503
211	4504
40	4505
614	4506
366	4507
452	4508
1063	4509
65	4510
624	4511
299	4512
217	4513
406	4514
612	4515
1050	4516
205	4517
672	4518
366	4519
217	4520
172	4521
463	4522
464	4523
624	4524
910	4525
12	4526
588	4527
156	4528
347	4529
418	4530
928	4531
742	4532
12	4533
275	4534
447	4535
205	4536
3	4537
1119	4538
1031	4539
1141	4540
836	4541
137	4542
170	4543
4	4544
58	4545
650	4546
228	4547
81	4548
66	4549
32	4550
181	4551
129	4552
21	4553
551	4554
339	4555
268	4556
1016	4557
690	4558
201	4559
1008	4560
32	4561
139	4562
243	4563
46	4564
633	4565
946	4566
159	4567
35	4568
84	4569
210	4570
194	4571
81	4572
146	4573
389	4574
149	4575
52	4576
279	4577
222	4578
69	4579
341	4580
47	4581
710	4582
823	4583
184	4584
139	4585
139	4586
99	4587
142	4588
100	4589
905	4590
417	4591
347	4592
184	4593
148	4594
378	4595
400	4596
28	4597
8	4598
75	4599
210	4600
229	4601
372	4602
877	4603
168	4604
151	4605
476	4606
212	4607
195	4608
67	4609
68	4610
18	4611
209	4612
160	4613
278	4614
80	4615
4	4616
131	4617
442	4618
28	4619
35	4620
124	4621
155	4622
822	4623
188	4624
378	4625
188	4626
864	4627
385	4628
322	4629
124	4630
120	4631
39	4632
212	4633
4	4634
28	4635
39	4636
161	4637
540	4638
688	4639
148	4640
5	4641
877	4642
308	4643
127	4644
126	4645
70	4646
9	4647
19	4648
5	4649
81	4650
80	4651
10	4652
206	4653
99	4654
8	4655
8	4656
584	4657
154	4658
26	4659
907	4660
38	4661
87	4662
904	4663
8	4664
48	4665
341	4666
901	4667
25	4668
28	4669
11	4670
9	4671
585	4672
187	4673
467	4674
648	4675
14	4676
82	4677
193	4678
349	4679
10	4680
650	4681
702	4682
4	4683
194	4684
4	4685
85	4686
63	4687
58	4688
241	4689
7	4690
4	4691
3	4692
34	4693
63	4694
113	4695
4	4696
9	4697
238	4698
36	4699
732	4700
255	4701
355	4702
19	4703
109	4704
923	4705
163	4706
197	4707
329	4708
703	4709
146	4710
101	4711
75	4712
102	4713
1034	4714
230	4715
756	4716
197	4717
110	4718
50	4719
220	4720
210	4721
209	4722
81	4723
213	4724
132	4725
11	4726
25	4727
25	4728
25	4729
25	4730
25	4731
25	4732
25	4733
25	4734
151	4735
394	4736
219	4737
25	4738
61	4739
45	4740
216	4741
321	4742
142	4743
23	4744
138	4745
119	4746
118	4747
129	4748
34	4749
471	4750
71	4751
23	4752
333	4753
84	4754
74	4755
72	4756
81	4757
261	4758
248	4759
145	4760
208	4761
251	4762
185	4763
200	4764
41	4765
159	4766
255	4767
1125	4768
941	4769
63	4770
382	4771
41	4772
210	4773
21	4774
3	4775
103	4776
143	4777
639	4778
1090	4779
215	4780
267	4781
818	4782
272	4783
50	4784
42	4785
179	4786
97	4787
541	4788
81	4789
82	4790
11	4791
81	4792
14	4793
54	4794
654	4795
748	4796
1	4797
325	4798
8	4799
12	4800
12	4801
445	4802
4	4803
5	4804
5	4805
5	4806
4	4807
2	4808
103	4809
575	4810
144	4811
36	4812
241	4813
419	4814
439	4815
1	4816
135	4817
94	4818
4	4819
24	4820
21	4821
26	4822
354	4823
418	4824
6	4825
6	4826
21	4827
98	4828
1006	4829
224	4830
708	4831
255	4832
15	4833
15	4834
15	4835
211	4836
211	4837
211	4838
29	4839
544	4840
471	4841
191	4842
464	4843
7	4844
7	4845
7	4846
491	4847
67	4848
543	4849
18	4850
75	4851
57	4852
14	4853
963	4854
286	4855
23	4856
161	4857
142	4858
28	4859
2	4860
7	4861
505	4862
28	4863
308	4864
7	4865
910	4866
28	4867
888	4868
54	4869
306	4870
549	4871
550	4872
29	4873
30	4874
3	4875
3	4876
6	4877
33	4878
469	4879
236	4880
268	4881
642	4882
463	4883
746	4884
471	4885
880	4886
19	4887
346	4888
1	4889
1	4890
255	4891
581	4892
266	4893
19	4894
37	4895
255	4896
393	4897
538	4898
30	4899
208	4900
235	4901
37	4902
475	4903
163	4904
9	4905
5	4906
5	4907
5	4908
463	4909
645	4910
30	4911
469	4912
123	4913
351	4914
547	4915
879	4916
529	4917
529	4918
529	4919
176	4920
753	4921
92	4922
401	4923
245	4924
6	4925
316	4926
549	4927
269	4928
241	4929
307	4930
780	4931
4	4932
210	4933
302	4934
325	4935
885	4936
153	4937
85	4938
230	4939
21	4940
833	4941
265	4942
1020	4943
33	4944
125	4945
547	4946
76	4947
76	4948
64	4949
651	4950
651	4951
241	4952
309	4953
654	4954
464	4955
1011	4956
644	4957
419	4958
546	4959
881	4960
30	4961
645	4962
197	4963
751	4964
954	4965
458	4966
458	4967
826	4968
149	4969
541	4970
349	4971
751	4972
1143	4973
377	4974
92	4975
464	4976
652	4977
300	4978
810	4979
22	4980
22	4981
109	4982
20	4983
40	4984
334	4985
271	4986
690	4987
33	4988
245	4989
5	4990
955	4991
88	4992
74	4993
252	4994
19	4995
305	4996
471	4997
670	4998
356	4999
756	5000
6	5001
30	5002
746	5003
30	5004
30	5005
1036	5006
18	5007
1	5008
174	5009
329	5010
29	5011
1046	5012
172	5013
363	5014
97	5015
288	5016
697	5017
229	5018
561	5019
470	5020
30	5021
21	5022
1	5023
353	5024
30	5025
658	5026
647	5027
550	5028
26	5029
38	5030
77	5031
542	5032
26	5033
24	5034
6	5035
353	5036
3	5037
505	5038
1	5039
3	5040
3	5041
466	5042
679	5043
1	5044
3	5045
352	5046
645	5047
549	5048
1	5049
197	5050
550	5051
542	5052
544	5053
1	5054
3	5055
3	5056
327	5057
561	5058
3	5059
327	5060
26	5061
3	5062
545	5063
349	5064
3	5065
3	5066
3	5067
540	5068
346	5069
1	5070
1	5071
26	5072
262	5073
1	5074
66	5075
46	5076
311	5077
236	5078
6	5079
33	5080
13	5081
24	5082
30	5083
264	5084
18	5085
33	5086
466	5087
14	5088
96	5089
3	5090
288	5091
29	5092
26	5093
64	5094
346	5095
1048	5096
657	5097
344	5098
420	5099
349	5100
883	5101
749	5102
1253	5103
21	5104
329	5105
342	5106
877	5107
1	5108
95	5109
30	5110
1	5111
30	5112
30	5113
383	5114
264	5115
24	5116
1	5117
30	5118
648	5119
658	5120
65	5121
17	5122
83	5123
560	5124
1	5125
197	5126
76	5127
29	5128
462	5129
1	5130
1	5131
49	5132
30	5133
154	5134
64	5135
284	5136
656	5137
749	5138
463	5139
29	5140
306	5141
302	5142
428	5143
112	5144
111	5145
440	5146
210	5147
474	5148
73	5149
735	5150
293	5151
235	5152
448	5153
13	5154
178	5155
816	5156
806	5157
278	5158
114	5159
68	5160
15	5161
7	5162
339	5163
1012	5164
349	5165
30	5166
1	5167
24	5168
1194	5169
113	5170
353	5171
1130	5172
353	5173
26	5174
33	5175
24	5176
545	5177
30	5178
268	5179
747	5180
656	5181
67	5182
882	5183
64	5184
26	5185
70	5186
1	5187
420	5188
96	5189
248	5190
21	5191
22	5192
1	5193
754	5194
403	5195
14	5196
14	5197
621	5198
430	5199
89	5200
22	5201
112	5202
112	5203
135	5204
97	5205
382	5206
575	5207
735	5208
18	5209
239	5210
263	5211
263	5212
941	5213
351	5214
541	5215
962	5216
369	5217
369	5218
7	5219
152	5220
192	5221
384	5222
354	5223
425	5224
74	5225
498	5226
92	5227
628	5228
465	5229
116	5230
222	5231
23	5232
23	5233
424	5234
472	5235
161	5236
61	5237
160	5238
172	5239
436	5240
129	5241
238	5242
962	5243
411	5244
47	5245
419	5246
419	5247
105	5248
235	5249
9	5250
465	5251
39	5252
751	5253
32	5254
120	5255
11	5256
1	5257
356	5258
226	5259
357	5260
139	5261
283	5262
51	5263
108	5264
367	5265
1249	5266
494	5267
55	5268
9	5269
32	5270
204	5271
157	5272
157	5273
340	5274
191	5275
462	5276
5	5277
623	5278
247	5279
187	5280
187	5281
187	5282
187	5283
187	5284
943	5285
228	5286
90	5287
54	5288
98	5289
10	5290
818	5291
1049	5292
508	5293
531	5294
20	5295
923	5296
711	5297
17	5298
535	5299
47	5300
47	5301
47	5302
531	5303
1079	5304
85	5305
85	5306
17	5307
17	5308
413	5309
792	5310
676	5311
523	5312
623	5313
641	5314
853	5315
107	5316
711	5317
801	5318
553	5319
1117	5320
782	5321
1084	5322
586	5323
461	5324
677	5325
741	5326
473	5327
515	5328
619	5329
591	5330
564	5331
691	5332
691	5333
365	5334
515	5335
974	5336
207	5337
740	5338
667	5339
932	5340
400	5341
82	5342
974	5343
973	5344
970	5345
929	5346
1088	5347
518	5348
85	5349
85	5350
556	5351
907	5352
1126	5353
773	5354
615	5355
639	5356
783	5357
413	5358
413	5359
508	5360
588	5361
62	5362
585	5363
637	5364
773	5365
1117	5366
397	5367
112	5368
112	5369
701	5370
608	5371
62	5372
242	5373
62	5374
20	5375
331	5376
315	5377
253	5378
324	5379
277	5380
31	5381
83	5382
33	5383
69	5384
3	5385
10	5386
99	5387
99	5388
916	5389
239	5390
407	5391
302	5392
403	5393
1109	5394
421	5395
507	5396
421	5397
421	5398
368	5399
403	5400
453	5401
262	5402
1004	5403
412	5404
704	5405
704	5406
896	5407
704	5408
103	5409
860	5410
400	5411
256	5412
111	5413
414	5414
454	5415
38	5416
38	5417
38	5418
38	5419
38	5420
38	5421
38	5422
295	5423
125	5424
380	5425
38	5426
295	5427
38	5428
295	5429
971	5430
512	5431
33	5432
265	5433
51	5434
9	5435
12	5436
54	5437
862	5438
156	5439
1053	5440
262	5441
40	5442
179	5443
578	5444
630	5445
38	5446
295	5447
18	5448
84	5449
15	5450
344	5451
160	5452
12	5453
568	5454
78	5455
56	5456
6	5457
52	5458
103	5459
13	5460
694	5461
1146	5462
382	5463
267	5464
13	5465
17	5466
137	5467
255	5468
413	5469
171	5470
124	5471
10	5472
122	5473
12	5474
120	5475
70	5476
136	5477
27	5478
141	5479
198	5480
331	5481
364	5482
150	5483
109	5484
216	5485
598	5486
33	5487
29	5488
478	5489
160	5490
344	5491
385	5492
122	5493
3	5494
561	5495
8	5496
98	5497
6	5498
257	5499
93	5500
32	5501
413	5502
126	5503
344	5504
171	5505
450	5506
101	5507
71	5508
89	5509
119	5510
159	5511
27	5512
141	5513
1013	5514
781	5515
18	5516
12	5517
533	5518
660	5519
115	5520
93	5521
86	5522
490	5523
266	5524
158	5525
350	5526
399	5527
63	5528
151	5529
13	5530
20	5531
100	5532
402	5533
172	5534
232	5535
8	5536
39	5537
684	5538
250	5539
522	5540
63	5541
326	5542
237	5543
279	5544
16	5545
149	5546
1102	5547
308	5548
658	5549
539	5550
35	5551
957	5552
125	5553
461	5554
826	5555
331	5556
55	5557
491	5558
451	5559
90	5560
810	5561
754	5562
318	5563
115	5564
358	5565
47	5566
699	5567
793	5568
719	5569
366	5570
554	5571
458	5572
265	5573
736	5574
92	5575
2	5576
361	5577
643	5578
171	5579
393	5580
528	5581
294	5582
428	5583
192	5584
138	5585
283	5586
174	5587
670	5588
377	5589
73	5590
65	5591
465	5592
264	5593
853	5594
641	5595
1126	5596
46	5597
243	5598
504	5599
285	5600
406	5601
274	5602
17	5603
445	5604
58	5605
439	5606
231	5607
1081	5608
24	5609
665	5610
406	5611
225	5612
264	5613
155	5614
301	5615
863	5616
992	5617
481	5618
668	5619
835	5620
760	5621
116	5622
842	5623
840	5624
70	5625
1003	5626
41	5627
1014	5628
308	5629
644	5630
194	5631
311	5632
264	5633
165	5634
17	5635
278	5636
175	5637
334	5638
221	5639
92	5640
142	5641
316	5642
214	5643
176	5644
82	5645
17	5646
27	5647
27	5648
11	5649
217	5650
13	5651
987	5652
209	5653
27	5654
441	5655
503	5656
281	5657
9	5658
77	5659
13	5660
19	5661
161	5662
60	5663
46	5664
57	5665
28	5666
199	5667
49	5668
90	5669
129	5670
87	5671
60	5672
129	5673
132	5674
202	5675
249	5676
44	5677
132	5678
166	5679
164	5680
223	5681
467	5682
151	5683
22	5684
26	5685
706	5686
80	5687
301	5688
222	5689
183	5690
59	5691
193	5692
24	5693
32	5694
402	5695
18	5696
171	5697
19	5698
451	5699
451	5700
63	5701
75	5702
823	5703
358	5704
482	5705
1227	5706
2	5707
2	5708
225	5709
120	5710
1273	5711
1190	5712
905	5713
243	5714
109	5715
2	5716
19	5717
89	5718
143	5719
88	5720
145	5721
5	5722
103	5723
967	5724
70	5725
562	5726
750	5727
169	5728
292	5729
81	5730
310	5731
98	5732
109	5733
6	5734
752	5735
150	5736
779	5737
231	5738
62	5739
222	5740
71	5741
72	5742
86	5743
88	5744
758	5745
314	5746
439	5747
538	5748
18	5749
490	5750
1	5751
354	5752
140	5753
212	5754
822	5755
298	5756
208	5757
66	5758
20	5759
85	5760
14	5761
67	5762
120	5763
318	5764
199	5765
184	5766
633	5767
1098	5768
192	5769
248	5770
781	5771
937	5772
292	5773
1145	5774
248	5775
248	5776
248	5777
872	5778
10	5779
68	5780
458	5781
284	5782
417	5783
238	5784
1034	5785
813	5786
102	5787
640	5788
67	5789
4	5790
264	5791
291	5792
499	5793
378	5794
164	5795
201	5796
90	5797
299	5798
705	5799
246	5800
67	5801
16	5802
114	5803
952	5804
23	5805
55	5806
78	5807
32	5808
95	5809
159	5810
120	5811
219	5812
7	5813
111	5814
230	5815
8	5816
139	5817
1006	5818
28	5819
2	5820
837	5821
8	5822
133	5823
243	5824
243	5825
243	5826
131	5827
2	5828
2	5829
2	5830
278	5831
2	5832
141	5833
398	5834
150	5835
46	5836
11	5837
542	5838
268	5839
621	5840
621	5841
53	5842
83	5843
78	5844
200	5845
8	5846
4	5847
291	5848
119	5849
27	5850
23	5851
23	5852
141	5853
36	5854
75	5855
311	5856
12	5857
227	5858
323	5859
53	5860
200	5861
165	5862
11	5863
444	5864
444	5865
8	5866
28	5867
602	5868
339	5869
675	5870
266	5871
500	5872
554	5873
597	5874
230	5875
227	5876
811	5877
1258	5878
374	5879
692	5880
663	5881
663	5882
187	5883
404	5884
777	5885
567	5886
1062	5887
66	5888
414	5889
273	5890
17	5891
38	5892
383	5893
88	5894
779	5895
187	5896
211	5897
33	5898
503	5899
632	5900
375	5901
121	5902
121	5903
592	5904
2	5905
472	5906
124	5907
49	5908
15	5909
105	5910
21	5911
210	5912
923	5913
164	5914
166	5915
186	5916
488	5917
721	5918
160	5919
435	5920
559	5921
43	5922
233	5923
233	5924
92	5925
244	5926
244	5927
244	5928
244	5929
272	5930
370	5931
272	5932
859	5933
77	5934
857	5935
229	5936
176	5937
59	5938
1037	5939
365	5940
174	5941
248	5942
291	5943
406	5944
635	5945
1175	5946
996	5947
255	5948
335	5949
262	5950
190	5951
68	5952
739	5953
643	5954
482	5955
778	5956
396	5957
261	5958
57	5959
340	5960
360	5961
604	5962
280	5963
457	5964
224	5965
1189	5966
778	5967
1196	5968
671	5969
279	5970
547	5971
28	5972
817	5973
305	5974
394	5975
394	5976
78	5977
621	5978
908	5979
135	5980
1162	5981
484	5982
318	5983
78	5984
303	5985
654	5986
324	5987
443	5988
352	5989
2	5990
113	5991
2	5992
2	5993
2	5994
317	5995
317	5996
317	5997
370	5998
317	5999
815	6000
241	6001
436	6002
270	6003
6	6004
640	6005
828	6006
94	6007
3	6008
553	6009
266	6010
225	6011
225	6012
602	6013
225	6014
602	6015
595	6016
227	6017
385	6018
385	6019
450	6020
822	6021
385	6022
379	6023
527	6024
527	6025
440	6026
219	6027
815	6028
372	6029
88	6030
89	6031
184	6032
601	6033
880	6034
144	6035
61	6036
394	6037
599	6038
103	6039
103	6040
125	6041
542	6042
954	6043
296	6044
734	6045
222	6046
289	6047
45	6048
218	6049
99	6050
350	6051
64	6052
80	6053
123	6054
123	6055
123	6056
123	6057
123	6058
339	6059
123	6060
123	6061
123	6062
78	6063
11	6064
219	6065
77	6066
594	6067
347	6068
420	6069
173	6070
419	6071
657	6072
654	6073
544	6074
643	6075
468	6076
1021	6077
379	6078
206	6079
506	6080
20	6081
150	6082
136	6083
509	6084
640	6085
101	6086
27	6087
4	6088
7	6089
288	6090
394	6091
70	6092
467	6093
736	6094
336	6095
150	6096
27	6097
7	6098
336	6099
676	6100
399	6101
120	6102
248	6103
1228	6104
790	6105
257	6106
323	6107
580	6108
78	6109
319	6110
807	6111
8	6112
293	6113
75	6114
79	6115
132	6116
1121	6117
105	6118
341	6119
903	6120
128	6121
495	6122
333	6123
1102	6124
58	6125
137	6126
403	6127
58	6128
20	6129
83	6130
228	6131
256	6132
415	6133
383	6134
102	6135
75	6136
52	6137
52	6138
237	6139
96	6140
469	6141
8	6142
67	6143
1011	6144
241	6145
353	6146
487	6147
91	6148
8	6149
8	6150
8	6151
205	6152
205	6153
589	6154
255	6155
67	6156
39	6157
746	6158
548	6159
470	6160
1019	6161
540	6162
651	6163
651	6164
643	6165
30	6166
30	6167
655	6168
538	6169
3	6170
197	6171
113	6172
95	6173
175	6174
293	6175
8	6176
502	6177
1	6178
244	6179
34	6180
9	6181
337	6182
10	6183
126	6184
242	6185
950	6186
212	6187
172	6188
209	6189
262	6190
244	6191
228	6192
399	6193
205	6194
54	6195
737	6196
205	6197
190	6198
397	6199
543	6200
1005	6201
181	6202
407	6203
38	6204
112	6205
379	6206
618	6207
399	6208
135	6209
742	6210
688	6211
445	6212
208	6213
256	6214
619	6215
619	6216
769	6217
343	6218
636	6219
636	6220
636	6221
171	6222
205	6223
374	6224
240	6225
232	6226
534	6227
42	6228
508	6229
666	6230
29	6231
171	6232
234	6233
6	6234
471	6235
756	6236
424	6237
468	6238
530	6239
698	6240
23	6241
241	6242
71	6243
50	6244
258	6245
230	6246
19	6247
148	6248
470	6249
68	6250
226	6251
424	6252
122	6253
732	6254
90	6255
313	6256
57	6257
88	6258
180	6259
49	6260
494	6261
449	6262
32	6263
167	6264
164	6265
86	6266
322	6267
181	6268
309	6269
651	6270
13	6271
135	6272
575	6273
122	6274
31	6275
606	6276
21	6277
133	6278
186	6279
896	6280
83	6281
536	6282
543	6283
60	6284
41	6285
102	6286
548	6287
402	6288
980	6289
980	6290
52	6291
559	6292
484	6293
338	6294
164	6295
150	6296
356	6297
295	6298
307	6299
144	6300
148	6301
330	6302
341	6303
130	6304
574	6305
198	6306
128	6307
148	6308
89	6309
86	6310
179	6311
37	6312
16	6313
48	6314
122	6315
278	6316
150	6317
159	6318
132	6319
71	6320
161	6321
201	6322
184	6323
41	6324
151	6325
75	6326
73	6327
60	6328
116	6329
131	6330
43	6331
167	6332
146	6333
147	6334
149	6335
218	6336
158	6337
52	6338
118	6339
74	6340
200	6341
117	6342
61	6343
691	6344
282	6345
124	6346
944	6347
358	6348
1023	6349
292	6350
764	6351
1090	6352
234	6353
1105	6354
834	6355
429	6356
1257	6357
956	6358
594	6359
397	6360
576	6361
441	6362
374	6363
498	6364
601	6365
440	6366
693	6367
384	6368
945	6369
1251	6370
1100	6371
382	6372
597	6373
325	6374
817	6375
586	6376
961	6377
501	6378
455	6379
626	6380
336	6381
280	6382
554	6383
338	6384
529	6385
832	6386
511	6387
1255	6388
324	6389
812	6390
383	6391
705	6392
942	6393
135	6394
372	6395
373	6396
943	6397
991	6398
473	6399
631	6400
283	6401
330	6402
863	6403
1163	6404
78	6405
223	6406
953	6407
110	6408
229	6409
596	6410
334	6411
504	6412
504	6413
737	6414
624	6415
582	6416
76	6417
1129	6418
261	6419
990	6420
782	6421
403	6422
762	6423
704	6424
857	6425
908	6426
1092	6427
475	6428
823	6429
318	6430
696	6431
1049	6432
599	6433
281	6434
287	6435
444	6436
734	6437
442	6438
153	6439
861	6440
335	6441
244	6442
602	6443
370	6444
423	6445
1275	6446
385	6447
93	6448
209	6449
404	6450
600	6451
484	6452
959	6453
421	6454
368	6455
225	6456
424	6457
623	6458
443	6459
528	6460
133	6461
294	6462
1104	6463
575	6464
763	6465
675	6466
243	6467
986	6468
233	6469
215	6470
224	6471
815	6472
438	6473
496	6474
170	6475
706	6476
814	6477
663	6478
710	6479
445	6480
993	6481
203	6482
228	6483
527	6484
627	6485
738	6486
759	6487
585	6488
633	6489
1103	6490
203	6491
87	6492
354	6493
86	6494
90	6495
295	6496
16	6497
257	6498
474	6499
733	6500
137	6501
176	6502
36	6503
277	6504
627	6505
733	6506
396	6507
37	6508
182	6509
578	6510
51	6511
111	6512
487	6513
632	6514
59	6515
261	6516
1042	6517
378	6518
214	6519
137	6520
51	6521
380	6522
469	6523
351	6524
1236	6525
128	6526
1107	6527
177	6528
221	6529
153	6530
45	6531
27	6532
206	6533
462	6534
108	6535
182	6536
702	6537
188	6538
136	6539
471	6540
113	6541
277	6542
657	6543
151	6544
283	6545
351	6546
876	6547
954	6548
1	6549
435	6550
226	6551
785	6552
88	6553
6	6554
555	6555
555	6556
555	6557
257	6558
612	6559
655	6560
4	6561
33	6562
327	6563
968	6564
138	6565
228	6566
605	6567
136	6568
136	6569
615	6570
839	6571
526	6572
433	6573
433	6574
487	6575
71	6576
27	6577
628	6578
27	6579
308	6580
910	6581
209	6582
318	6583
123	6584
341	6585
534	6586
805	6587
1017	6588
387	6589
4	6590
567	6591
479	6592
194	6593
414	6594
617	6595
617	6596
132	6597
848	6598
1166	6599
328	6600
851	6601
407	6602
408	6603
70	6604
838	6605
1027	6606
572	6607
328	6608
389	6609
929	6610
439	6611
62	6612
62	6613
846	6614
846	6615
113	6616
351	6617
241	6618
225	6619
858	6620
307	6621
224	6622
312	6623
457	6624
459	6625
250	6626
250	6627
250	6628
921	6629
222	6630
635	6631
314	6632
254	6633
47	6634
304	6635
17	6636
88	6637
857	6638
257	6639
47	6640
492	6641
205	6642
391	6643
359	6644
359	6645
70	6646
344	6647
57	6648
514	6649
688	6650
49	6651
297	6652
452	6653
968	6654
314	6655
314	6656
743	6657
62	6658
611	6659
793	6660
170	6661
736	6662
79	6663
25	6664
13	6665
75	6666
38	6667
29	6668
291	6669
1069	6670
844	6671
878	6672
320	6673
320	6674
320	6675
329	6676
590	6677
590	6678
590	6679
634	6680
12	6681
814	6682
780	6683
33	6684
29	6685
73	6686
832	6687
204	6688
77	6689
51	6690
398	6691
409	6692
305	6693
440	6694
230	6695
328	6696
70	6697
286	6698
290	6699
290	6700
1123	6701
209	6702
257	6703
87	6704
263	6705
293	6706
327	6707
501	6708
631	6709
256	6710
492	6711
208	6712
756	6713
364	6714
364	6715
364	6716
403	6717
85	6718
418	6719
680	6720
21	6721
96	6722
80	6723
49	6724
188	6725
251	6726
321	6727
88	6728
72	6729
684	6730
133	6731
1	6732
487	6733
869	6734
568	6735
1266	6736
1231	6737
491	6738
679	6739
679	6740
73	6741
179	6742
24	6743
511	6744
453	6745
379	6746
378	6747
689	6748
188	6749
228	6750
135	6751
188	6752
142	6753
262	6754
285	6755
105	6756
228	6757
128	6758
378	6759
115	6760
141	6761
448	6762
302	6763
274	6764
188	6765
622	6766
484	6767
827	6768
388	6769
368	6770
368	6771
206	6772
41	6773
48	6774
45	6775
108	6776
117	6777
202	6778
179	6779
146	6780
146	6781
151	6782
110	6783
105	6784
130	6785
335	6786
127	6787
127	6788
127	6789
503	6790
78	6791
660	6792
166	6793
272	6794
734	6795
296	6796
313	6797
808	6798
873	6799
24	6800
315	6801
518	6802
28	6803
360	6804
862	6805
342	6806
871	6807
6	6808
841	6809
912	6810
56	6811
230	6812
414	6813
231	6814
888	6815
457	6816
698	6817
1225	6818
156	6819
757	6820
948	6821
582	6822
866	6823
223	6824
223	6825
54	6826
62	6827
39	6828
139	6829
46	6830
629	6831
445	6832
392	6833
303	6834
481	6835
485	6836
843	6837
592	6838
432	6839
62	6840
519	6841
214	6842
17	6843
613	6844
766	6845
1054	6846
716	6847
472	6848
1065	6849
164	6850
84	6851
9	6852
36	6853
36	6854
965	6855
36	6856
459	6857
931	6858
297	6859
842	6860
446	6861
532	6862
235	6863
410	6864
557	6865
624	6866
176	6867
401	6868
596	6869
980	6870
388	6871
176	6872
58	6873
58	6874
58	6875
584	6876
495	6877
29	6878
119	6879
106	6880
375	6881
119	6882
156	6883
732	6884
245	6885
57	6886
73	6887
194	6888
146	6889
90	6890
344	6891
589	6892
350	6893
217	6894
741	6895
1144	6896
831	6897
110	6898
10	6899
152	6900
728	6901
919	6902
459	6903
175	6904
976	6905
1085	6906
175	6907
298	6908
483	6909
612	6910
94	6911
200	6912
425	6913
39	6914
39	6915
839	6916
946	6917
1123	6918
515	6919
290	6920
473	6921
1093	6922
583	6923
399	6924
1137	6925
370	6926
364	6927
565	6928
460	6929
976	6930
1104	6931
713	6932
602	6933
478	6934
5	6935
73	6936
115	6937
399	6938
48	6939
167	6940
437	6941
48	6942
599	6943
136	6944
120	6945
63	6946
200	6947
168	6948
108	6949
313	6950
276	6951
142	6952
180	6953
221	6954
109	6955
49	6956
24	6957
850	6958
260	6959
854	6960
207	6961
1074	6962
371	6963
686	6964
520	6965
591	6966
298	6967
678	6968
1055	6969
1271	6970
491	6971
787	6972
260	6973
1077	6974
386	6975
606	6976
799	6977
520	6978
918	6979
768	6980
718	6981
904	6982
303	6983
196	6984
56	6985
323	6986
35	6987
1005	6988
218	6989
40	6990
320	6991
134	6992
429	6993
113	6994
213	6995
424	6996
270	6997
662	6998
224	6999
392	7000
103	7001
290	7002
311	7003
256	7004
958	7005
407	7006
379	7007
294	7008
206	7009
506	7010
280	7011
112	7012
1026	7013
302	7014
874	7015
101	7016
730	7017
136	7018
69	7019
103	7020
193	7021
567	7022
607	7023
666	7024
491	7025
683	7026
1076	7027
125	7028
721	7029
17	7030
666	7031
1057	7032
721	7033
797	7034
433	7035
291	7036
405	7037
439	7038
611	7039
712	7040
607	7041
521	7042
975	7043
519	7044
386	7045
233	7046
348	7047
430	7048
82	7049
717	7050
703	7051
680	7052
11	7053
195	7054
109	7055
890	7056
1164	7057
209	7058
173	7059
173	7060
203	7061
542	7062
372	7063
453	7064
620	7065
727	7066
701	7067
775	7068
56	7069
56	7070
37	7071
454	7072
988	7073
1207	7074
2	7075
2	7076
2	7077
2	7078
2	7079
2	7080
586	7081
231	7082
992	7083
299	7084
206	7085
33	7086
1071	7087
53	7088
539	7089
136	7090
252	7091
900	7092
252	7093
256	7094
188	7095
1036	7096
900	7097
275	7098
726	7099
890	7100
9	7101
114	7102
181	7103
966	7104
174	7105
1201	7106
19	7107
634	7108
371	7109
106	7110
119	7111
321	7112
104	7113
271	7114
132	7115
300	7116
478	7117
166	7118
166	7119
104	7120
343	7121
674	7122
135	7123
34	7124
56	7125
707	7126
333	7127
260	7128
53	7129
252	7130
450	7131
252	7132
753	7133
68	7134
486	7135
17	7136
169	7137
360	7138
67	7139
1066	7140
285	7141
299	7142
727	7143
593	7144
570	7145
570	7146
955	7147
178	7148
129	7149
415	7150
114	7151
363	7152
27	7153
246	7154
103	7155
531	7156
220	7157
59	7158
61	7159
201	7160
611	7161
149	7162
402	7163
409	7164
502	7165
29	7166
487	7167
366	7168
593	7169
381	7170
982	7171
930	7172
786	7173
629	7174
284	7175
314	7176
395	7177
952	7178
620	7179
10	7180
170	7181
791	7182
604	7183
14	7184
5	7185
39	7186
39	7187
95	7188
28	7189
69	7190
238	7191
80	7192
238	7193
34	7194
293	7195
5	7196
5	7197
345	7198
4	7199
153	7200
306	7201
19	7202
123	7203
123	7204
614	7205
400	7206
873	7207
374	7208
564	7209
199	7210
87	7211
872	7212
1240	7213
994	7214
515	7215
771	7216
5	7217
56	7218
668	7219
4	7220
4	7221
408	7222
186	7223
985	7224
176	7225
1165	7226
703	7227
593	7228
390	7229
913	7230
338	7231
485	7232
977	7233
490	7234
390	7235
524	7236
981	7237
1022	7238
515	7239
284	7240
829	7241
40	7242
3	7243
136	7244
60	7245
998	7246
165	7247
329	7248
232	7249
336	7250
52	7251
199	7252
1	7253
723	7254
727	7255
153	7256
224	7257
569	7258
706	7259
973	7260
20	7261
1245	7262
830	7263
299	7264
211	7265
123	7266
659	7267
524	7268
107	7269
535	7270
107	7271
117	7272
106	7273
406	7274
107	7275
177	7276
172	7277
499	7278
2	7279
303	7280
128	7281
372	7282
405	7283
266	7284
280	7285
228	7286
206	7287
450	7288
32	7289
46	7290
172	7291
262	7292
76	7293
108	7294
170	7295
569	7296
17	7297
196	7298
582	7299
37	7300
301	7301
163	7302
17	7303
239	7304
561	7305
176	7306
182	7307
172	7308
26	7309
371	7310
225	7311
215	7312
54	7313
17	7314
55	7315
78	7316
52	7317
74	7318
140	7319
140	7320
450	7321
3	7322
230	7323
506	7324
11	7325
476	7326
603	7327
702	7328
907	7329
65	7330
140	7331
28	7332
52	7333
126	7334
603	7335
140	7336
956	7337
12	7338
12	7339
444	7340
2	7341
29	7342
1032	7343
177	7344
77	7345
77	7346
77	7347
13	7348
13	7349
13	7350
13	7351
598	7352
6	7353
34	7354
267	7355
1107	7356
114	7357
114	7358
192	7359
387	7360
13	7361
297	7362
919	7363
66	7364
259	7365
259	7366
501	7367
335	7368
7	7369
74	7370
68	7371
162	7372
212	7373
83	7374
98	7375
84	7376
8	7377
69	7378
84	7379
5	7380
425	7381
270	7382
205	7383
153	7384
469	7385
548	7386
340	7387
288	7388
70	7389
426	7390
205	7391
988	7392
35	7393
158	7394
144	7395
18	7396
78	7397
206	7398
6	7399
2	7400
2	7401
22	7402
2	7403
157	7404
337	7405
644	7406
232	7407
1020	7408
4	7409
68	7410
955	7411
80	7412
242	7413
354	7414
2	7415
2	7416
81	7417
3	7418
768	7419
2	7420
647	7421
213	7422
155	7423
522	7424
528	7425
43	7426
16	7427
887	7428
958	7429
296	7430
321	7431
116	7432
165	7433
59	7434
221	7435
280	7436
812	7437
961	7438
261	7439
249	7440
141	7441
146	7442
239	7443
217	7444
33	7445
114	7446
1	7447
270	7448
117	7449
33	7450
417	7451
5	7452
100	7453
168	7454
146	7455
25	7456
53	7457
90	7458
80	7459
14	7460
204	7461
90	7462
128	7463
494	7464
100	7465
920	7466
485	7467
359	7468
479	7469
682	7470
461	7471
698	7472
223	7473
682	7474
978	7475
410	7476
1125	7477
454	7478
460	7479
253	7480
906	7481
585	7482
585	7483
608	7484
1134	7485
608	7486
606	7487
906	7488
107	7489
510	7490
431	7491
666	7492
325	7493
492	7494
418	7495
636	7496
648	7497
1013	7498
481	7499
76	7500
175	7501
30	7502
242	7503
693	7504
7	7505
693	7506
188	7507
78	7508
252	7509
318	7510
232	7511
64	7512
258	7513
576	7514
382	7515
196	7516
816	7517
816	7518
707	7519
294	7520
294	7521
322	7522
407	7523
228	7524
294	7525
385	7526
415	7527
385	7528
417	7529
113	7530
206	7531
777	7532
378	7533
323	7534
64	7535
303	7536
99	7537
99	7538
142	7539
130	7540
335	7541
645	7542
37	7543
42	7544
100	7545
116	7546
48	7547
147	7548
152	7549
45	7550
761	7551
5	7552
101	7553
181	7554
254	7555
238	7556
45	7557
74	7558
731	7559
48	7560
165	7561
1152	7562
286	7563
299	7564
107	7565
107	7566
478	7567
478	7568
150	7569
200	7570
13	7571
13	7572
13	7573
13	7574
13	7575
214	7576
422	7577
1110	7578
834	7579
1045	7580
360	7581
140	7582
449	7583
12	7584
216	7585
72	7586
111	7587
74	7588
78	7589
315	7590
144	7591
185	7592
22	7593
547	7594
101	7595
51	7596
82	7597
739	7598
545	7599
7	7600
64	7601
13	7602
199	7603
59	7604
442	7605
44	7606
203	7607
531	7608
243	7609
738	7610
33	7611
497	7612
105	7613
105	7614
77	7615
56	7616
59	7617
160	7618
220	7619
64	7620
26	7621
24	7622
60	7623
502	7624
43	7625
44	7626
43	7627
116	7628
59	7629
180	7630
145	7631
779	7632
242	7633
405	7634
326	7635
625	7636
31	7637
120	7638
1030	7639
4	7640
558	7641
266	7642
661	7643
259	7644
519	7645
152	7646
37	7647
152	7648
267	7649
650	7650
45	7651
83	7652
83	7653
71	7654
489	7655
197	7656
258	7657
350	7658
316	7659
66	7660
5	7661
763	7662
230	7663
244	7664
4	7665
350	7666
241	7667
612	7668
28	7669
351	7670
762	7671
833	7672
97	7673
20	7674
97	7675
8	7676
548	7677
559	7678
196	7679
157	7680
197	7681
21	7682
646	7683
83	7684
33	7685
757	7686
588	7687
92	7688
47	7689
1	7690
21	7691
356	7692
539	7693
81	7694
17	7695
67	7696
674	7697
98	7698
10	7699
180	7700
476	7701
1	7702
472	7703
29	7704
506	7705
188	7706
20	7707
72	7708
279	7709
324	7710
7	7711
19	7712
134	7713
159	7714
305	7715
44	7716
31	7717
2	7718
67	7719
4	7720
98	7721
346	7722
304	7723
29	7724
9	7725
72	7726
59	7727
1	7728
54	7729
193	7730
588	7731
99	7732
774	7733
177	7734
689	7735
2	7736
32	7737
32	7738
147	7739
32	7740
32	7741
32	7742
315	7743
354	7744
754	7745
626	7746
114	7747
510	7748
191	7749
13	7750
1151	7751
749	7752
525	7753
194	7754
960	7755
825	7756
345	7757
416	7758
113	7759
627	7760
78	7761
1047	7762
338	7763
509	7764
369	7765
444	7766
137	7767
156	7768
492	7769
1128	7770
840	7771
139	7772
134	7773
1114	7774
688	7775
728	7776
15	7777
951	7778
397	7779
618	7780
662	7781
501	7782
368	7783
1082	7784
1053	7785
335	7786
489	7787
922	7788
687	7789
743	7790
381	7791
16	7792
32	7793
653	7794
912	7795
393	7796
320	7797
343	7798
190	7799
175	7800
191	7801
79	7802
570	7803
281	7804
250	7805
431	7806
787	7807
207	7808
1111	7809
715	7810
845	7811
977	7812
572	7813
304	7814
370	7815
772	7816
555	7817
833	7818
223	7819
589	7820
609	7821
553	7822
705	7823
683	7824
660	7825
892	7826
706	7827
473	7828
623	7829
399	7830
304	7831
787	7832
304	7833
1172	7834
275	7835
203	7836
473	7837
821	7838
843	7839
191	7840
56	7841
191	7842
496	7843
370	7844
711	7845
950	7846
839	7847
641	7848
274	7849
250	7850
183	7851
197	7852
61	7853
282	7854
73	7855
376	7856
236	7857
264	7858
391	7859
427	7860
821	7861
391	7862
854	7863
915	7864
191	7865
853	7866
1238	7867
275	7868
260	7869
207	7870
328	7871
743	7872
1241	7873
568	7874
1029	7875
914	7876
1	7877
524	7878
1	7879
139	7880
15	7881
76	7882
139	7883
376	7884
78	7885
70	7886
113	7887
135	7888
162	7889
36	7890
25	7891
495	7892
529	7893
944	7894
565	7895
10	7896
536	7897
679	7898
1235	7899
897	7900
630	7901
637	7902
225	7903
1057	7904
483	7905
569	7906
627	7907
514	7908
912	7909
68	7910
743	7911
805	7912
875	7913
93	7914
289	7915
606	7916
391	7917
391	7918
938	7919
965	7920
147	7921
1008	7922
685	7923
21	7924
14	7925
21	7926
285	7927
12	7928
598	7929
305	7930
17	7931
166	7932
134	7933
37	7934
106	7935
302	7936
545	7937
125	7938
352	7939
1040	7940
880	7941
311	7942
1112	7943
610	7944
565	7945
592	7946
572	7947
785	7948
359	7949
383	7950
539	7951
353	7952
316	7953
505	7954
81	7955
80	7956
94	7957
430	7958
58	7959
340	7960
546	7961
117	7962
207	7963
259	7964
97	7965
419	7966
113	7967
794	7968
274	7969
97	7970
93	7971
232	7972
127	7973
24	7974
438	7975
891	7976
565	7977
191	7978
562	7979
488	7980
259	7981
566	7982
1067	7983
566	7984
388	7985
291	7986
848	7987
92	7988
959	7989
924	7990
725	7991
570	7992
250	7993
1033	7994
552	7995
334	7996
444	7997
530	7998
341	7999
160	8000
123	8001
30	8002
496	8003
47	8004
875	8005
617	8006
624	8007
798	8008
233	8009
20	8010
566	8011
803	8012
438	8013
726	8014
786	8015
895	8016
1110	8017
556	8018
403	8019
466	8020
678	8021
811	8022
592	8023
170	8024
190	8025
362	8026
712	8027
866	8028
422	8029
352	8030
474	8031
126	8032
8	8033
842	8034
763	8035
1001	8036
92	8037
727	8038
819	8039
342	8040
734	8041
365	8042
795	8043
740	8044
803	8045
921	8046
2	8047
513	8048
75	8049
10	8050
1106	8051
852	8052
799	8053
480	8054
488	8055
898	8056
563	8057
290	8058
635	8059
488	8060
713	8061
771	8062
433	8063
614	8064
734	8065
22	8066
569	8067
591	8068
1	8069
269	8070
489	8071
296	8072
726	8073
925	8074
851	8075
402	8076
275	8077
999	8078
11	8079
228	8080
479	8081
9	8082
7	8083
32	8084
15	8085
556	8086
393	8087
843	8088
563	8089
608	8090
8	8091
264	8092
3	8093
544	8094
205	8095
3	8096
126	8097
258	8098
410	8099
800	8100
265	8101
699	8102
40	8103
65	8104
1131	8105
265	8106
173	8107
291	8108
700	8109
786	8110
931	8111
852	8112
389	8113
111	8114
20	8115
126	8116
545	8117
2	8118
547	8119
897	8120
410	8121
294	8122
298	8123
913	8124
983	8125
70	8126
911	8127
939	8128
389	8129
520	8130
291	8131
499	8132
678	8133
819	8134
207	8135
796	8136
453	8137
399	8138
979	8139
227	8140
451	8141
15	8142
123	8143
301	8144
1	8145
275	8146
634	8147
700	8148
563	8149
774	8150
489	8151
699	8152
1198	8153
514	8154
386	8155
1230	8156
935	8157
892	8158
387	8159
899	8160
935	8161
802	8162
852	8163
1072	8164
925	8165
389	8166
298	8167
515	8168
113	8169
113	8170
846	8171
82	8172
10	8173
514	8174
989	8175
153	8176
264	8177
11	8178
3	8179
187	8180
290	8181
1180	8182
107	8183
495	8184
804	8185
298	8186
487	8187
774	8188
1244	8189
487	8190
196	8191
970	8192
1083	8193
802	8194
386	8195
305	8196
52	8197
433	8198
611	8199
499	8200
1075	8201
609	8202
328	8203
207	8204
589	8205
1167	8206
518	8207
481	8208
629	8209
730	8210
701	8211
207	8212
1077	8213
795	8214
318	8215
79	8216
190	8217
1	8218
636	8219
5	8220
498	8221
506	8222
191	8223
310	8224
657	8225
642	8226
8	8227
428	8228
133	8229
156	8230
355	8231
878	8232
40	8233
1209	8234
620	8235
309	8236
95	8237
175	8238
175	8239
143	8240
185	8241
144	8242
397	8243
677	8244
163	8245
274	8246
1122	8247
1079	8248
571	8249
605	8250
766	8251
514	8252
459	8253
1	8254
24	8255
123	8256
659	8257
361	8258
205	8259
261	8260
30	8261
25	8262
634	8263
849	8264
572	8265
432	8266
505	8267
259	8268
1269	8269
927	8270
510	8271
766	8272
523	8273
1124	8274
566	8275
566	8276
607	8277
298	8278
524	8279
700	8280
765	8281
1202	8282
729	8283
769	8284
849	8285
722	8286
613	8287
62	8288
408	8289
359	8290
491	8291
291	8292
722	8293
299	8294
105	8295
44	8296
362	8297
84	8298
648	8299
31	8300
105	8301
18	8302
127	8303
27	8304
915	8305
634	8306
565	8307
363	8308
170	8309
704	8310
720	8311
978	8312
718	8313
768	8314
432	8315
590	8316
520	8317
856	8318
328	8319
320	8320
668	8321
85	8322
364	8323
175	8324
452	8325
175	8326
85	8327
536	8328
393	8329
1264	8330
797	8331
67	8332
439	8333
344	8334
289	8335
62	8336
739	8337
744	8338
571	8339
427	8340
391	8341
479	8342
516	8343
569	8344
611	8345
370	8346
431	8347
928	8348
297	8349
951	8350
319	8351
844	8352
416	8353
314	8354
225	8355
724	8356
821	8357
623	8358
918	8359
481	8360
793	8361
848	8362
726	8363
1120	8364
611	8365
933	8366
625	8367
431	8368
433	8369
1120	8370
920	8371
1112	8372
802	8373
665	8374
427	8375
1056	8376
772	8377
56	8378
1087	8379
999	8380
619	8381
701	8382
565	8383
299	8384
573	8385
1024	8386
1234	8387
567	8388
199	8389
1056	8390
238	8391
1046	8392
312	8393
9	8394
151	8395
240	8396
98	8397
158	8398
49	8399
153	8400
24	8401
34	8402
1	8403
83	8404
288	8405
301	8406
175	8407
886	8408
1	8409
113	8410
902	8411
353	8412
155	8413
64	8414
526	8415
376	8416
114	8417
25	8418
195	8419
223	8420
692	8421
429	8422
994	8423
792	8424
1109	8425
405	8426
478	8427
1091	8428
762	8429
966	8430
1072	8431
950	8432
451	8433
285	8434
483	8435
284	8436
761	8437
622	8438
568	8439
312	8440
244	8441
414	8442
837	8443
723	8444
804	8445
631	8446
455	8447
894	8448
765	8449
67	8450
56	8451
337	8452
2	8453
2	8454
34	8455
66	8456
18	8457
20	8458
5	8459
52	8460
718	8461
482	8462
701	8463
482	8464
942	8465
395	8466
395	8467
395	8468
395	8469
454	8470
233	8471
437	8472
360	8473
642	8474
156	8475
383	8476
315	8477
368	8478
664	8479
664	8480
664	8481
331	8482
167	8483
442	8484
998	8485
321	8486
149	8487
504	8488
133	8489
138	8490
51	8491
1223	8492
675	8493
49	8494
61	8495
60	8496
251	8497
165	8498
79	8499
17	8500
465	8501
50	8502
417	8503
153	8504
417	8505
509	8506
70	8507
884	8508
351	8509
17	8510
817	8511
90	8512
77	8513
222	8514
44	8515
541	8516
124	8517
302	8518
271	8519
535	8520
204	8521
9	8522
481	8523
644	8524
108	8525
348	8526
93	8527
3	8528
444	8529
17	8530
73	8531
221	8532
164	8533
303	8534
257	8535
22	8536
22	8537
22	8538
252	8539
693	8540
322	8541
510	8542
645	8543
224	8544
367	8545
224	8546
638	8547
1154	8548
190	8549
190	8550
190	8551
164	8552
180	8553
51	8554
127	8555
711	8556
400	8557
122	8558
587	8559
527	8560
348	8561
80	8562
53	8563
167	8564
526	8565
598	8566
448	8567
66	8568
323	8569
121	8570
134	8571
186	8572
380	8573
86	8574
168	8575
88	8576
87	8577
252	8578
54	8579
136	8580
37	8581
172	8582
162	8583
318	8584
11	8585
35	8586
74	8587
733	8588
31	8589
74	8590
249	8591
161	8592
44	8593
276	8594
215	8595
51	8596
321	8597
178	8598
232	8599
108	8600
909	8601
61	8602
90	8603
30	8604
189	8605
75	8606
658	8607
182	8608
43	8609
139	8610
50	8611
110	8612
669	8613
171	8614
21	8615
34	8616
167	8617
511	8618
34	8619
80	8620
93	8621
39	8622
39	8623
39	8624
237	8625
27	8626
1246	8627
885	8628
149	8629
109	8630
411	8631
813	8632
131	8633
1184	8634
101	8635
192	8636
11	8637
457	8638
172	8639
681	8640
18	8641
18	8642
193	8643
35	8644
624	8645
381	8646
170	8647
170	8648
170	8649
170	8650
35	8651
20	8652
35	8653
193	8654
155	8655
147	8656
18	8657
86	8658
20	8659
462	8660
54	8661
317	8662
317	8663
18	8664
527	8665
296	8666
835	8667
597	8668
696	8669
493	8670
388	8671
493	8672
14	8673
1030	8674
34	8675
38	8676
415	8677
83	8678
81	8679
163	8680
193	8681
83	8682
180	8683
43	8684
362	8685
363	8686
180	8687
226	8688
226	8689
96	8690
10	8691
193	8692
144	8693
14	8694
94	8695
20	8696
82	8697
12	8698
130	8699
182	8700
94	8701
831	8702
760	8703
214	8704
79	8705
79	8706
215	8707
158	8708
13	8709
92	8710
92	8711
92	8712
92	8713
6	8714
26	8715
219	8716
333	8717
43	8718
282	8719
226	8720
137	8721
760	8722
148	8723
52	8724
146	8725
119	8726
240	8727
331	8728
222	8729
44	8730
310	8731
6	8732
709	8733
764	8734
73	8735
161	8736
447	8737
943	8738
234	8739
149	8740
186	8741
963	8742
82	8743
286	8744
697	8745
117	8746
6	8747
6	8748
6	8749
705	8750
64	8751
456	8752
81	8753
138	8754
14	8755
216	8756
806	8757
160	8758
240	8759
1098	8760
17	8761
6	8762
289	8763
1039	8764
333	8765
280	8766
18	8767
73	8768
20	8769
562	8770
167	8771
130	8772
132	8773
179	8774
106	8775
145	8776
216	8777
142	8778
150	8779
42	8780
59	8781
140	8782
100	8783
449	8784
90	8785
111	8786
41	8787
140	8788
119	8789
49	8790
33	8791
450	8792
26	8793
695	8794
249	8795
74	8796
47	8797
6	8798
125	8799
247	8800
861	8801
1021	8802
105	8803
246	8804
177	8805
731	8806
986	8807
240	8808
534	8809
253	8810
245	8811
77	8812
26	8813
359	8814
6	8815
83	8816
669	8817
245	8818
188	8819
269	8820
419	8821
758	8822
304	8823
64	8824
347	8825
226	8826
12	8827
204	8828
650	8829
152	8830
77	8831
152	8832
540	8833
64	8834
477	8835
70	8836
38	8837
1018	8838
668	8839
162	8840
152	8841
100	8842
215	8843
44	8844
164	8845
74	8846
150	8847
182	8848
362	8849
74	8850
121	8851
415	8852
12	8853
12	8854
215	8855
144	8856
189	8857
41	8858
226	8859
204	8860
362	8861
40	8862
333	8863
207	8864
1	8865
1	8866
33	8867
6	8868
286	8869
20	8870
102	8871
20	8872
1	8873
60	8874
339	8875
150	8876
74	8877
275	8878
1210	8879
1205	8880
1208	8881
789	8882
901	8883
1178	8884
775	8885
1176	8886
1177	8887
904	8888
903	8889
1181	8890
1039	8891
1038	8892
1147	8893
533	8894
1003	8895
871	8896
1148	8897
103	8898
1031	8899
1173	8900
878	8901
166	8902
64	8903
155	8904
652	8905
109	8906
989	8907
31	8908
375	8909
88	8910
164	8911
121	8912
17	8913
415	8914
861	8915
404	8916
377	8917
1	8918
164	8919
163	8920
161	8921
6	8922
396	8923
332	8924
71	8925
331	8926
90	8927
19	8928
115	8929
42	8930
267	8931
166	8932
42	8933
106	8934
436	8935
13	8936
21	8937
627	8938
310	8939
376	8940
35	8941
148	8942
1	8943
1	8944
310	8945
506	8946
245	8947
458	8948
59	8949
245	8950
396	8951
245	8952
271	8953
180	8954
184	8955
121	8956
128	8957
148	8958
131	8959
201	8960
128	8961
42	8962
86	8963
73	8964
220	8965
215	8966
332	8967
223	8968
322	8969
40	8970
267	8971
3	8972
416	8973
33	8974
96	8975
1	8976
14	8977
213	8978
38	8979
14	8980
547	8981
502	8982
875	8983
98	8984
54	8985
392	8986
981	8987
392	8988
927	8989
1118	8990
852	8991
802	8992
841	8993
319	8994
1140	8995
1200	8996
20	8997
291	8998
939	8999
952	9000
389	9001
868	9002
236	9003
432	9004
804	9005
819	9006
514	9007
191	9008
1027	9009
1232	9010
410	9011
410	9012
446	9013
724	9014
715	9015
1087	9016
713	9017
713	9018
1080	9019
935	9020
797	9021
1078	9022
949	9023
1124	9024
327	9025
840	9026
1119	9027
796	9028
492	9029
523	9030
523	9031
523	9032
523	9033
491	9034
833	9035
387	9036
387	9037
1	9038
770	9039
742	9040
328	9041
328	9042
519	9043
665	9044
1000	9045
936	9046
521	9047
521	9048
427	9049
427	9050
1058	9051
434	9052
434	9053
938	9054
49	9055
28	9056
725	9057
978	9058
803	9059
855	9060
855	9061
1028	9062
522	9063
522	9064
682	9065
820	9066
771	9067
609	9068
842	9069
726	9070
677	9071
532	9072
865	9073
865	9074
926	9075
1260	9076
1233	9077
563	9078
275	9079
459	9080
784	9081
784	9082
772	9083
359	9084
1060	9085
799	9086
1135	9087
1073	9088
845	9089
687	9090
606	9091
681	9092
1239	9093
1247	9094
513	9095
492	9096
1138	9097
480	9098
930	9099
1243	9100
513	9101
513	9102
1076	9103
720	9104
720	9105
979	9106
1	9107
511	9108
297	9109
728	9110
1252	9111
975	9112
323	9113
561	9114
520	9115
1199	9116
390	9117
390	9118
983	9119
845	9120
744	9121
744	9122
617	9123
615	9124
1237	9125
517	9126
896	9127
207	9128
207	9129
773	9130
459	9131
934	9132
765	9133
765	9134
568	9135
687	9136
687	9137
620	9138
191	9139
5	9140
434	9141
770	9142
479	9143
1025	9144
432	9145
975	9146
891	9147
460	9148
843	9149
730	9150
592	9151
819	9152
488	9153
488	9154
721	9155
659	9156
123	9157
85	9158
351	9159
306	9160
356	9161
309	9162
758	9163
355	9164
752	9165
1150	9166
288	9167
288	9168
8	9169
382	9170
21	9171
468	9172
264	9173
78	9174
470	9175
125	9176
125	9177
125	9178
502	9179
56	9180
29	9181
241	9182
468	9183
240	9184
82	9185
91	9186
65	9187
289	9188
776	9189
8	9190
186	9191
186	9192
89	9193
166	9194
23	9195
166	9196
254	9197
945	9198
693	9199
25	9200
296	9201
109	9202
197	9203
675	9204
755	9205
746	9206
647	9207
307	9208
68	9209
17	9210
4	9211
45	9212
41	9213
45	9214
47	9215
86	9216
40	9217
40	9218
789	9219
1212	9220
789	9221
670	9222
689	9223
171	9224
242	9225
156	9226
120	9227
405	9228
340	9229
217	9230
443	9231
358	9232
412	9233
576	9234
394	9235
310	9236
428	9237
287	9238
235	9239
775	9240
132	9241
51	9242
580	9243
303	9244
250	9245
2	9246
287	9247
131	9248
124	9249
541	9250
361	9251
603	9252
601	9253
134	9254
551	9255
604	9256
474	9257
587	9258
227	9259
594	9260
374	9261
171	9262
887	9263
417	9264
261	9265
164	9266
134	9267
424	9268
451	9269
137	9270
41	9271
144	9272
449	9273
268	9274
247	9275
171	9276
171	9277
171	9278
26	9279
3	9280
690	9281
667	9282
871	9283
350	9284
447	9285
11	9286
575	9287
360	9288
137	9289
48	9290
122	9291
458	9292
412	9293
255	9294
991	9295
214	9296
10	9297
709	9298
172	9299
224	9300
8	9301
6	9302
663	9303
42	9304
800	9305
483	9306
358	9307
54	9308
81	9309
374	9310
395	9311
58	9312
122	9313
214	9314
960	9315
125	9316
581	9317
167	9318
374	9319
186	9320
66	9321
269	9322
546	9323
92	9324
377	9325
694	9326
283	9327
44	9328
69	9329
420	9330
21	9331
307	9332
649	9333
652	9334
309	9335
54	9336
1256	9337
96	9338
97	9339
287	9340
595	9341
177	9342
78	9343
738	9344
806	9345
947	9346
108	9347
167	9348
158	9349
221	9350
201	9351
626	9352
70	9353
971	9354
337	9355
114	9356
181	9357
412	9358
365	9359
966	9360
365	9361
365	9362
171	9363
216	9364
231	9365
237	9366
237	9367
213	9368
281	9369
1012	9370
900	9371
707	9372
702	9373
14	9374
229	9375
413	9376
209	9377
11	9378
270	9379
42	9380
831	9381
1108	9382
149	9383
172	9384
339	9385
1261	9386
395	9387
605	9388
921	9389
554	9390
3	9391
53	9392
621	9393
777	9394
903	9395
154	9396
269	9397
872	9398
337	9399
653	9400
830	9401
121	9402
113	9403
866	9404
609	9405
227	9406
1033	9407
599	9408
125	9409
310	9410
918	9411
389	9412
563	9413
927	9414
85	9415
382	9416
223	9417
154	9418
1101	9419
232	9420
272	9421
558	9422
103	9423
103	9424
234	9425
240	9426
465	9427
156	9428
661	9429
472	9430
11	9431
5	9432
7	9433
175	9434
112	9435
3	9436
46	9437
358	9438
235	9439
263	9440
70	9441
131	9442
469	9443
308	9444
466	9445
349	9446
745	9447
535	9448
363	9449
579	9450
114	9451
317	9452
498	9453
237	9454
58	9455
374	9456
620	9457
377	9458
245	9459
724	9460
192	9461
1224	9462
537	9463
601	9464
136	9465
108	9466
710	9467
304	9468
619	9469
43	9470
303	9471
594	9472
461	9473
825	9474
77	9475
859	9476
830	9477
188	9478
305	9479
305	9480
280	9481
776	9482
319	9483
809	9484
272	9485
750	9486
657	9487
549	9488
311	9489
655	9490
467	9491
757	9492
356	9493
431	9494
431	9495
132	9496
673	9497
229	9498
327	9499
327	9500
306	9501
220	9502
7	9503
270	9504
158	9505
450	9506
676	9507
425	9508
864	9509
18	9510
18	9511
44	9512
172	9513
696	9514
67	9515
67	9516
13	9517
12	9518
12	9519
12	9520
859	9521
768	9522
431	9523
388	9524
206	9525
379	9526
506	9527
327	9528
603	9529
584	9530
712	9531
332	9532
507	9533
421	9534
948	9535
948	9536
826	9537
449	9538
1	9539
332	9540
251	9541
814	9542
827	9543
862	9544
829	9545
1089	9546
79	9547
198	9548
183	9549
51	9550
117	9551
170	9552
805	9553
137	9554
221	9555
108	9556
61	9557
185	9558
633	9559
19	9560
342	9561
300	9562
178	9563
1229	9564
690	9565
692	9566
577	9567
578	9568
91	9569
318	9570
494	9571
13	9572
995	9573
1035	9574
889	9575
229	9576
889	9577
133	9578
102	9579
352	9580
95	9581
350	9582
77	9583
335	9584
411	9585
901	9586
1066	9587
412	9588
441	9589
583	9590
239	9591
598	9592
916	9593
532	9594
474	9595
41	9596
430	9597
148	9598
555	9599
883	9600
11	9601
8	9602
195	9603
195	9604
195	9605
248	9606
717	9607
414	9608
809	9609
174	9610
817	9611
217	9612
15	9613
76	9614
121	9615
177	9616
500	9617
809	9618
348	9619
127	9620
127	9621
260	9622
669	9623
841	9624
496	9625
663	9626
1051	9627
260	9628
788	9629
616	9630
718	9631
453	9632
1096	9633
527	9634
616	9635
496	9636
1267	9637
411	9638
437	9639
342	9640
5	9641
308	9642
72	9643
80	9644
235	9645
292	9646
25	9647
394	9648
345	9649
279	9650
31	9651
1014	9652
647	9653
17	9654
58	9655
749	9656
220	9657
164	9658
29	9659
35	9660
36	9661
559	9662
525	9663
196	9664
84	9665
307	9666
236	9667
34	9668
193	9669
371	9670
348	9671
47	9672
196	9673
346	9674
398	9675
661	9676
3	9677
35	9678
95	9679
238	9680
274	9681
300	9682
97	9683
269	9684
15	9685
12	9686
63	9687
34	9688
128	9689
233	9690
233	9691
504	9692
42	9693
42	9694
42	9695
752	9696
91	9697
52	9698
196	9699
279	9700
889	9701
482	9702
68	9703
38	9704
173	9705
2	9706
78	9707
118	9708
52	9709
86	9710
54	9711
155	9712
1010	9713
148	9714
9	9715
940	9716
1219	9717
171	9718
218	9719
65	9720
61	9721
509	9722
246	9723
1043	9724
1063	9725
551	9726
539	9727
698	9728
7	9729
233	9730
108	9731
163	9732
130	9733
884	9734
646	9735
73	9736
82	9737
382	9738
1044	9739
1220	9740
1044	9741
85	9742
1100	9743
91	9744
32	9745
672	9746
1047	9747
169	9748
265	9749
58	9750
1221	9751
247	9752
457	9753
417	9754
1	9755
105	9756
157	9757
373	9758
235	9759
1218	9760
381	9761
987	9762
261	9763
77	9764
137	9765
196	9766
76	9767
157	9768
83	9769
534	9770
465	9771
905	9772
17	9773
4	9774
278	9775
134	9776
138	9777
437	9778
91	9779
1099	9780
430	9781
447	9782
139	9783
55	9784
828	9785
42	9786
124	9787
128	9788
326	9789
312	9790
632	9791
383	9792
652	9793
176	9794
289	9795
24	9796
4	9797
100	9798
188	9799
553	9800
49	9801
183	9802
279	9803
63	9804
118	9805
828	9806
1106	9807
104	9808
447	9809
731	9810
121	9811
45	9812
763	9813
154	9814
11	9815
61	9816
106	9817
287	9818
48	9819
474	9820
887	9821
475	9822
63	9823
184	9824
477	9825
89	9826
1130	9827
169	9828
101	9829
173	9830
631	9831
510	9832
662	9833
88	9834
858	9835
810	9836
1101	9837
117	9838
122	9839
312	9840
130	9841
221	9842
31	9843
139	9844
134	9845
442	9846
558	9847
106	9848
659	9849
197	9850
313	9851
384	9852
381	9853
381	9854
135	9855
135	9856
208	9857
208	9858
208	9859
55	9860
331	9861
126	9862
343	9863
176	9864
188	9865
552	9866
326	9867
76	9868
400	9869
71	9870
89	9871
97	9872
864	9873
36	9874
16	9875
97	9876
14	9877
94	9878
836	9879
45	9880
7	9881
57	9882
198	9883
7	9884
22	9885
263	9886
94	9887
230	9888
237	9889
312	9890
7	9891
265	9892
262	9893
196	9894
288	9895
450	9896
237	9897
256	9898
760	9899
552	9900
65	9901
5	9902
230	9903
81	9904
34	9905
15	9906
15	9907
127	9908
208	9909
94	9910
34	9911
34	9912
510	9913
10	9914
19	9915
66	9916
8	9917
9	9918
155	9919
53	9920
66	9921
193	9922
348	9923
210	9924
9	9925
7	9926
18	9927
155	9928
206	9929
29	9930
10	9931
552	9932
174	9933
25	9934
384	9935
96	9936
39	9937
1131	9938
236	9939
294	9940
22	9941
384	9942
5	9943
288	9944
53	9945
10	9946
7	9947
10	9948
256	9949
256	9950
824	9951
76	9952
29	9953
18	9954
349	9955
4	9956
179	9957
28	9958
8	9959
69	9960
10	9961
65	9962
10	9963
7	9964
95	9965
10	9966
9	9967
7	9968
379	9969
660	9970
368	9971
86	9972
24	9973
238	9974
664	9975
22	9976
93	9977
126	9978
132	9979
159	9980
384	9981
120	9982
15	9983
96	9984
96	9985
153	9986
61	9987
118	9988
174	9989
330	9990
530	9991
99	9992
124	9993
494	9994
279	9995
29	9996
237	9997
40	9998
40	9999
735	10000
